[gd_scene load_steps=2 format=3 uid="uid://i6sys5xbccan"]

[ext_resource type="PackedScene" uid="uid://bjhdsjf0el4r4" path="res://model/P2000.blend" id="1_yyuj5"]

[node name="P2000" instance=ExtResource("1_yyuj5")]

[node name="Skeleton3D" parent="gun_rig" index="0"]
bones/0/position = Vector3(0, -0.06786513, -0.4017616)
bones/1/position = Vector3(7.8293326e-08, -0.0808798, 0.312761)
bones/2/position = Vector3(-0.15201785, 1.2437801, 0.21221846)
bones/3/rotation = Quaternion(0.95633906, 0.006791398, 0.005844532, -0.2921222)
bones/4/rotation = Quaternion(0.37393227, 4.532152e-07, 5.9125487e-08, 0.927456)

[node name="Bone_001" parent="gun_rig/Skeleton3D" index="0"]
transform = Transform3D(1, -4.440892e-15, -2.384186e-07, 6.668282e-08, 0.96009105, 0.27968806, 2.2890352e-07, -0.27968806, 0.96009105, 3.7252903e-09, -0.07057977, -0.07872346)

[node name="Bone_002" parent="gun_rig/Skeleton3D" index="1"]
transform = Transform3D(1, -1.7871713e-09, -2.3841858e-07, 2.3842367e-07, 0.011160418, 0.99993783, 8.7379703e-10, -0.99993783, 0.011160418, -0.15201789, 1.1902806, -0.49713004)

[node name="Bone_003" parent="gun_rig/Skeleton3D" index="2"]
transform = Transform3D(0.9998394, 0.01640453, 0.0072110714, 0.012958832, -0.9398611, 0.34131163, 0.012376457, -0.3411634, -0.9399228, 0.1524083, 0.8068122, -0.5702318)

[node name="Bone_004" parent="gun_rig/Skeleton3D" index="3"]
transform = Transform3D(1, 6.3901126e-08, 7.1314753e-07, 3.0008965e-07, 0.8669044, -0.49847448, -6.500838e-07, 0.49847448, 0.8669044, -0.2646889, 0.8723222, 0.0883289)

[node name="Bone" parent="gun_rig/Skeleton3D" index="4"]
transform = Transform3D(1, -3.5527137e-15, -2.3841858e-07, 5.7749535e-08, 0.9702216, 0.2422191, 2.3131884e-07, -0.2422191, 0.9702216, 0, -0.06786513, -0.4017616)
