[gd_scene load_steps=2 format=3 uid="uid://i6sys5xbccan"]

[ext_resource type="PackedScene" uid="uid://bjhdsjf0el4r4" path="res://model/P2000.blend" id="1_yyuj5"]

[node name="P2000" instance=ExtResource("1_yyuj5")]

[node name="Skeleton3D" parent="gun_rig" index="0"]
bones/0/position = Vector3(-3.0138226e-17, -0.06786513, -0.4017616)
bones/1/position = Vector3(7.456804e-08, -0.080879755, 0.312761)
bones/2/position = Vector3(-0.15201785, 1.2437801, 0.21221846)
bones/3/rotation = Quaternion(0.9593929, -6.565751e-08, 4.6867427e-10, -0.28207347)

[node name="Bone_001" parent="gun_rig/Skeleton3D" index="0"]
transform = Transform3D(1, -1.7763568e-15, -2.3841858e-07, 6.6682816e-08, 0.96009094, 0.279688, 2.2890352e-07, -0.279688, 0.96009094, 7.075289e-15, -0.07057972, -0.07872349)

[node name="Bone_002" parent="gun_rig/Skeleton3D" index="1"]
transform = Transform3D(1, -1.7871713e-09, -2.3841855e-07, 2.3842367e-07, 0.011160418, 0.9999377, 8.7379703e-10, -0.9999377, 0.011160418, -0.15201789, 1.1902806, -0.49713004)

[node name="Bone_003" parent="gun_rig/Skeleton3D" index="2"]
transform = Transform3D(1, 3.3230378e-09, 2.3841856e-07, -7.349219e-08, -0.9469278, 0.32144666, 2.2683332e-07, -0.3214467, -0.9469276, 0.1524083, 0.8068123, -0.5702318)

[node name="Bone" parent="gun_rig/Skeleton3D" index="3"]
transform = Transform3D(1, -3.5527137e-15, -2.3841858e-07, 5.7749535e-08, 0.9702216, 0.2422191, 2.3131884e-07, -0.2422191, 0.9702216, -3.0138226e-17, -0.06786513, -0.4017616)
