[gd_scene format=3 uid="uid://bllbjlr3e1iyr"]

[ext_resource type="PackedScene" uid="uid://csthcndft67mp" path="res://models/char_models/gltf_character_files/GR_subject_203.glb" id="1_77tj7"]
[ext_resource type="Script" uid="uid://dl8fs1dtfb77r" path="res://models/char_models/ragdoll_body.gd" id="2_e0rqu"]

[sub_resource type="CapsuleShape3D" id="CapsuleShape3D_o6tax"]
radius = 0.0465
height = 0.093

[sub_resource type="CapsuleShape3D" id="CapsuleShape3D_dkyt4"]
radius = 0.061035156
height = 0.12207031

[sub_resource type="CapsuleShape3D" id="CapsuleShape3D_0eba4"]
radius = 0.07910156
height = 0.15820313

[sub_resource type="CapsuleShape3D" id="CapsuleShape3D_am7cv"]
radius = 0.080078125
height = 0.16015625

[sub_resource type="CapsuleShape3D" id="CapsuleShape3D_u5eey"]
radius = 0.053710938
height = 0.107421875

[sub_resource type="BoxShape3D" id="BoxShape3D_e0rqu"]
size = Vector3(0.1, 0.1, 0.13740234)

[sub_resource type="CapsuleShape3D" id="CapsuleShape3D_s6k45"]
radius = 0.025732338
height = 0.25732338

[sub_resource type="CapsuleShape3D" id="CapsuleShape3D_kw4a8"]
radius = 0.028331626
height = 0.28331625

[sub_resource type="CapsuleShape3D" id="CapsuleShape3D_oooeh"]
radius = 0.048828125
height = 0.16357422

[sub_resource type="CapsuleShape3D" id="CapsuleShape3D_823ql"]
radius = 0.027832031
height = 0.055664063

[sub_resource type="CapsuleShape3D" id="CapsuleShape3D_4rqm0"]
radius = 0.025732338
height = 0.25732338

[sub_resource type="CapsuleShape3D" id="CapsuleShape3D_0v3s8"]
radius = 0.028331622
height = 0.28331622

[sub_resource type="CapsuleShape3D" id="CapsuleShape3D_5f4dq"]
radius = 0.048339844
height = 0.20117188

[sub_resource type="CapsuleShape3D" id="CapsuleShape3D_wkwjc"]
radius = 0.0234375
height = 0.046875

[sub_resource type="CapsuleShape3D" id="CapsuleShape3D_buvwi"]
radius = 0.07714844
height = 0.43351513

[sub_resource type="CapsuleShape3D" id="CapsuleShape3D_wp27b"]
radius = 0.051757813
height = 0.37511182

[sub_resource type="CapsuleShape3D" id="CapsuleShape3D_ytxqc"]
radius = 0.05908203
height = 0.24105059

[sub_resource type="CapsuleShape3D" id="CapsuleShape3D_r35ou"]
radius = 0.080078125
height = 0.43351513

[sub_resource type="CapsuleShape3D" id="CapsuleShape3D_o6n3k"]
radius = 0.05810547
height = 0.37511182

[sub_resource type="CapsuleShape3D" id="CapsuleShape3D_xmynv"]
radius = 0.05859375
height = 0.25114053

[node name="player_ragdoll" unique_id=1443042128 node_paths=PackedStringArray("skeleton", "physics_bone", "head_tracker", "body_target") instance=ExtResource("1_77tj7")]
script = ExtResource("2_e0rqu")
skeleton = NodePath("rig/Skeleton3D")
physics_bone = NodePath("rig/Skeleton3D/PhysicalBoneSimulator3D")
head_tracker = NodePath("rig/Skeleton3D/head_track")
body_target = NodePath("rig/body_target")

[node name="Skeleton3D" parent="rig" parent_id_path=PackedInt32Array(1301783907) index="0" unique_id=1236041331]
show_rest_only = true
bones/1/position = Vector3(7.772877e-15, -0.020902012, 0.86166614)
bones/1/rotation = Quaternion(0.78005874, 7.458996e-08, 9.29903e-08, 0.6257063)
bones/2/rotation = Quaternion(-0.051503174, 1.19051e-07, -1.841897e-08, 0.99867284)
bones/3/rotation = Quaternion(-0.14422898, -0.038710143, -0.0076099704, 0.9887576)
bones/4/rotation = Quaternion(0.0865227, -0.112106085, -0.0034424267, 0.98991627)
bones/5/rotation = Quaternion(0.18798754, 0.07416707, -0.014113081, 0.97926545)
bones/6/rotation = Quaternion(-0.09485735, 9.064447e-08, 2.8354311e-08, 0.9954909)
bones/7/rotation = Quaternion(-0.119440496, 0.07532538, -0.005102, 0.98996675)
bones/9/scale = Vector3(0.99999994, 0.99999994, 0.99999994)
bones/10/scale = Vector3(0.99999994, 0.9999999, 1)
bones/19/rotation = Quaternion(-0.60067457, -0.31868815, -0.27044567, 0.68153286)
bones/20/rotation = Quaternion(-0.24739632, 0.4737044, -0.80147266, 0.26840425)
bones/21/rotation = Quaternion(0.29449764, -0.2836834, 0.056012142, 0.9108555)
bones/22/rotation = Quaternion(0.24422695, -0.71454906, -0.17758772, 0.631059)
bones/24/rotation = Quaternion(0.29377806, 0.06605295, 0.03681013, 0.952878)
bones/25/rotation = Quaternion(0.35781366, -0.025359983, -0.026615743, 0.93306905)
bones/26/rotation = Quaternion(0.39872214, 0.02621427, 0.013636465, 0.91659564)
bones/27/position = Vector3(0.0013342625, -0.018702744, 0.005584564)
bones/27/rotation = Quaternion(-0.046894286, 0.6985094, 0.4212479, 0.57657254)
bones/28/rotation = Quaternion(-0.050453387, -0.03675955, 0.0020489553, 0.9980476)
bones/29/rotation = Quaternion(-0.04651221, -0.00090427697, 0.017466825, 0.9987646)
bones/31/rotation = Quaternion(0.6088112, 0.030443849, -0.023260143, 0.7923896)
bones/32/rotation = Quaternion(0.18410656, -0.025485134, 0.0019783191, 0.98257387)
bones/33/rotation = Quaternion(0.28723726, -0.011803559, 0.012551805, 0.95770454)
bones/35/rotation = Quaternion(0.6319176, 0.027502205, -0.0055764397, 0.7745274)
bones/36/rotation = Quaternion(0.21062474, -0.02903962, 0.0060513597, 0.9771168)
bones/37/rotation = Quaternion(0.3151017, -0.017773965, 0.011353713, 0.94882363)
bones/39/rotation = Quaternion(0.67414117, -0.011491723, 0.0512347, 0.73673385)
bones/40/rotation = Quaternion(0.182282, -0.010641031, -0.0011183202, 0.98318815)
bones/41/rotation = Quaternion(0.06921496, -0.015947537, 0.1026467, 0.99217874)
bones/42/position = Vector3(0.024218937, 0.00044371508, 0.0006603586)
bones/42/rotation = Quaternion(0.034639884, 0.025752464, -0.36016694, 0.93188876)
bones/42/scale = Vector3(0.9999997, 1, 1)
bones/45/rotation = Quaternion(-0.6006747, 0.3186879, 0.27044538, 0.6815331)
bones/46/rotation = Quaternion(-0.18950124, -0.7087111, 0.49023795, 0.4706217)
bones/47/rotation = Quaternion(0.8083316, -0.03738319, 0.10866439, 0.57740337)
bones/48/rotation = Quaternion(0.01467626, -0.18370254, 0.5464633, 0.8169552)
bones/50/rotation = Quaternion(-0.13206421, -0.044578843, -0.061078638, 0.9883528)
bones/51/rotation = Quaternion(0.30401057, 0.023800898, 0.028018355, 0.9519591)
bones/52/rotation = Quaternion(0.34579432, -0.02539295, -0.015108088, 0.937845)
bones/53/position = Vector3(-0.0013344674, -0.018702816, 0.005584518)
bones/53/rotation = Quaternion(0.02182743, -0.6522631, -0.58140403, 0.4858455)
bones/54/rotation = Quaternion(0.39674723, -0.17445852, 0.15166903, 0.88834256)
bones/55/rotation = Quaternion(0.42221937, -0.0038313796, 0.058723237, 0.9045815)
bones/57/rotation = Quaternion(0.58922505, -0.030979186, -0.005411897, 0.80735666)
bones/58/rotation = Quaternion(0.4472702, 0.21372196, -0.10773228, 0.8617808)
bones/59/rotation = Quaternion(0.5515276, 0.0076774475, -0.015424939, 0.83397865)
bones/61/rotation = Quaternion(0.6173407, -0.027341446, -0.0025620703, 0.7862165)
bones/62/rotation = Quaternion(0.390951, 0.21635744, -0.09485464, 0.8895783)
bones/63/rotation = Quaternion(0.4988135, 0.015139005, -0.014684785, 0.86645275)
bones/65/rotation = Quaternion(0.49809465, 0.023425397, -0.03793577, 0.86597574)
bones/66/rotation = Quaternion(0.52004266, 0.18408495, -0.11215179, 0.8264928)
bones/67/rotation = Quaternion(0.43021056, -0.02302804, -0.101294346, 0.896732)
bones/68/position = Vector3(-0.02708872, 0.06401128, -0.04303748)
bones/68/rotation = Quaternion(0.06839131, 0.67862034, 0.7307744, -0.027675688)
bones/68/scale = Vector3(0.9999999, 0.99999976, 0.9999999)
bones/71/rotation = Quaternion(0.06075245, 0.7039166, 0.7050587, -0.06085038)
bones/73/rotation = Quaternion(0.07823323, 0.7694965, 0.42892045, -0.4666711)
bones/75/rotation = Quaternion(0.9970244, -0.019556826, 0.0017284077, 0.074544735)
bones/76/rotation = Quaternion(0.0369207, -0.00084761373, -0.04229818, 0.99842227)
bones/77/rotation = Quaternion(-0.5671843, -0.012298469, 0.019078905, 0.823278)
bones/78/rotation = Quaternion(-3.9290572e-07, 0.97798985, -0.20865265, 3.0404133e-06)
bones/79/position = Vector3(-0.030937508, 0.010048024, 0.080604024)
bones/79/rotation = Quaternion(0.68445325, 0.68445456, -0.17754649, 0.17754707)
bones/80/rotation = Quaternion(0.9970245, 0.019556819, -0.0017281601, 0.07454384)
bones/81/rotation = Quaternion(0.036918696, 0.00084748893, 0.0422982, 0.9984223)
bones/82/rotation = Quaternion(-0.5671836, 0.012298641, -0.01907878, 0.8232785)
bones/83/rotation = Quaternion(-2.511589e-07, 0.9779898, -0.20865276, -2.4496615e-07)
bones/84/position = Vector3(0.030937541, 0.010048005, 0.08060407)
bones/84/rotation = Quaternion(0.6844533, -0.68445474, 0.17754629, 0.17754646)

[node name="PhysicalBoneSimulator3D" type="PhysicalBoneSimulator3D" parent="rig/Skeleton3D" index="3" unique_id=1624738270]

[node name="Physical Bone spine" type="PhysicalBone3D" parent="rig/Skeleton3D/PhysicalBoneSimulator3D" index="0" unique_id=2046666120]
transform = Transform3D(1, 3.427265e-07, -3.7256425e-09, 7.072912e-08, -0.21698351, -0.9761753, -3.3536955e-07, 0.9761753, -0.21698351, -5.960464e-08, 0.9030651, 0.021222955)
collision_layer = 8
collision_mask = 9
joint_type = 2
joint_offset = Transform3D(1, 0, 0, 0, 1, 0, 0, 0, 1, 5.97626e-08, 1.1252346e-07, 0.0424093)
body_offset = Transform3D(1, 1.04307986e-07, -3.7255816e-09, -3.725546e-09, -1.937151e-07, -0.99999994, -1.0430796e-07, 0.99999994, -1.937151e-07, -5.9604616e-08, 0.0424093, -1.0430813e-07)
bounce = 0.5
bone_name = "spine"
joint_constraints/swing_span = 0.99999964
joint_constraints/twist_span = 30.0
joint_constraints/bias = 0.3
joint_constraints/softness = 0.8
joint_constraints/relaxation = 1.0

[node name="CollisionShape3D" type="CollisionShape3D" parent="rig/Skeleton3D/PhysicalBoneSimulator3D/Physical Bone spine" index="0" unique_id=37016445]
transform = Transform3D(1, -1.3784529e-12, 5.6132876e-13, 7.1054274e-14, 1.0000015, 1.4901161e-08, 1.0658141e-14, -1.4901161e-08, 1.0000015, 7.9580786e-13, 0, 0)
shape = SubResource("CapsuleShape3D_o6tax")

[node name="Physical Bone spine_001" type="PhysicalBone3D" parent="rig/Skeleton3D/PhysicalBoneSimulator3D" index="1" unique_id=823728151]
transform = Transform3D(1, -2.6807456e-05, -1.5380365e-06, -4.6222167e-06, -0.115432866, -0.9933153, 2.6450716e-05, 0.9933153, -0.115432866, -1.6612832e-07, 0.97326386, 0.033773355)
collision_layer = 8
collision_mask = 9
joint_type = 2
joint_offset = Transform3D(1, 0, 0, 0, 1, 0, 0, 0, 1, 2.1068617e-07, -1.3266965e-06, 0.028993726)
body_offset = Transform3D(1, -2.7284294e-05, -1.5380272e-06, -1.5385592e-06, -1.951307e-05, -0.99999994, 2.7284263e-05, 0.99999994, -1.951307e-05, -1.6612923e-07, 0.028993726, 1.8924475e-06)
bounce = 0.5
bone_name = "spine.001"
joint_constraints/swing_span = 0.99999964
joint_constraints/twist_span = 30.0
joint_constraints/bias = 0.3
joint_constraints/softness = 0.8
joint_constraints/relaxation = 1.0

[node name="CollisionShape3D" type="CollisionShape3D" parent="rig/Skeleton3D/PhysicalBoneSimulator3D/Physical Bone spine_001" index="0" unique_id=727911111]
transform = Transform3D(1, -3.637979e-12, 1.364242e-12, 3.8198777e-11, 1, 1.937151e-07, -1.6825652e-11, -1.937151e-07, 1, 9.094947e-13, 0, 0)
shape = SubResource("CapsuleShape3D_dkyt4")

[node name="Physical Bone spine_002" type="PhysicalBone3D" parent="rig/Skeleton3D/PhysicalBoneSimulator3D" index="2" unique_id=1182100013]
transform = Transform3D(1, 2.3841729e-07, -2.700062e-13, -4.151123e-08, 0.17411056, -0.9847262, -2.3477567e-07, 0.9847262, 0.17411056, -1.2837961e-10, 1.0915052, 0.038851857)
collision_layer = 8
collision_mask = 9
joint_type = 2
joint_offset = Transform3D(1, 0, 0, 0, 1, 0, 0, 0, 1, 1.2825975e-10, 5.4061195e-07, 0.030006055)
body_offset = Transform3D(1, -1.3500312e-12, -3.4461323e-13, -3.4816594e-13, 3.427267e-07, -0.9999998, 1.3926638e-12, 0.99999994, 3.5762787e-07, -1.2824941e-10, 0.030006051, -5.5134296e-07)
bounce = 0.5
bone_name = "spine.002"
joint_constraints/swing_span = 0.99999964
joint_constraints/twist_span = 30.0
joint_constraints/bias = 0.3
joint_constraints/softness = 0.8
joint_constraints/relaxation = 1.0

[node name="CollisionShape3D" type="CollisionShape3D" parent="rig/Skeleton3D/PhysicalBoneSimulator3D/Physical Bone spine_002" index="0" unique_id=2060296786]
transform = Transform3D(1, -1.5347723e-12, -6.217249e-14, 0, 1, 0, 0, 0, 1, 0, 0, 0)
shape = SubResource("CapsuleShape3D_0eba4")

[node name="Physical Bone spine_003" type="PhysicalBone3D" parent="rig/Skeleton3D/PhysicalBoneSimulator3D" index="3" unique_id=907723815]
transform = Transform3D(1, 2.3841886e-07, -6.6026073e-12, -3.9301568e-10, 0.001620732, -0.99999875, -2.3841854e-07, 0.99999875, 0.001620732, 7.735115e-11, 1.2416122, 0.021080438)
collision_layer = 8
collision_mask = 9
joint_type = 2
joint_offset = Transform3D(1, 0, 0, 0, 1, 0, 0, 0, 1, -2.594052e-11, -0.00021428132, 0.048828255)
body_offset = Transform3D(1, 2.4158453e-13, -6.4303285e-12, -6.448897e-12, -6.185146e-07, -0.9999997, -1.9895197e-13, 0.99999994, -6.330665e-07, 2.6254554e-11, 0.048828244, 0.00021431223)
bounce = 0.5
bone_name = "spine.003"
joint_constraints/swing_span = 0.99999964
joint_constraints/twist_span = 30.0
joint_constraints/bias = 0.3
joint_constraints/softness = 0.8
joint_constraints/relaxation = 1.0

[node name="CollisionShape3D" type="CollisionShape3D" parent="rig/Skeleton3D/PhysicalBoneSimulator3D/Physical Bone spine_003" index="0" unique_id=341850378]
transform = Transform3D(1, 6.5225603e-15, 1.4210855e-14, 4.8316906e-13, 0, 1, 0, -1, 0, 0, 0, 0)
shape = SubResource("CapsuleShape3D_am7cv")

[node name="Physical Bone spine_004" type="PhysicalBone3D" parent="rig/Skeleton3D/PhysicalBoneSimulator3D" index="4" unique_id=938223093]
transform = Transform3D(1, 4.618408e-14, -3.1492556e-14, -1.2240817e-14, -0.36878473, -0.9295149, -5.454276e-14, 0.9295148, -0.36878476, -1.4878681e-14, 1.3744389, 0.030624056)
collision_layer = 8
collision_mask = 9
joint_type = 2
joint_offset = Transform3D(1, 0, 0, 0, 1, 0, 0, 0, 1, 1.8362119e-14, 1.239228e-07, 0.026933914)
body_offset = Transform3D(1, -5.3291816e-14, 3.2456405e-14, 1.6392964e-14, -1.0728836e-06, -0.99999976, 5.712506e-14, 0.9999998, -1.2814999e-06, -1.9236291e-14, 0.026933908, -8.940697e-08)
bounce = 0.5
bone_name = "spine.004"
joint_constraints/swing_span = 0.99999964
joint_constraints/twist_span = 30.0
joint_constraints/bias = 0.3
joint_constraints/softness = 0.8
joint_constraints/relaxation = 1.0

[node name="CollisionShape3D" type="CollisionShape3D" parent="rig/Skeleton3D/PhysicalBoneSimulator3D/Physical Bone spine_004" index="0" unique_id=384164241]
transform = Transform3D(1, -2.3716923e-19, 3.3881318e-21, 0, 1, 2.9802322e-08, 0, 0, 1, 0, 0, 0)
shape = SubResource("CapsuleShape3D_u5eey")

[node name="Physical Bone head" type="PhysicalBone3D" parent="rig/Skeleton3D/PhysicalBoneSimulator3D" index="5" unique_id=373966501]
transform = Transform3D(1, -6.5386606e-11, 9.720233e-12, 6.5386606e-11, 1, -6.705513e-08, -9.720229e-12, 6.705513e-08, 1, 4.77686e-15, 1.4496242, 0.050081804)
collision_layer = 0
collision_mask = 9
joint_type = 2
joint_offset = Transform3D(1, 0, 0, 0, 1, 0, 0, 0, 1, 8.152234e-15, -2.9143426e-15, 7.8231096e-08)
body_offset = Transform3D(1, -6.540082e-11, 9.592336e-12, 6.537948e-11, 0.99999964, 3.725298e-08, -9.592337e-12, -2.2351806e-08, 1, -8.152984e-15, 0, -7.8231096e-08)
bounce = 0.2
bone_name = "spine.006"
joint_constraints/swing_span = 1.9999993
joint_constraints/twist_span = 0.0
joint_constraints/bias = 0.3
joint_constraints/softness = 0.8
joint_constraints/relaxation = 1.0

[node name="CollisionShape3D" type="CollisionShape3D" parent="rig/Skeleton3D/PhysicalBoneSimulator3D/Physical Bone head" index="0" unique_id=265368116]
transform = Transform3D(1, -1.4041678e-18, 0, -1.4041678e-18, 1, 0, 0, 0, 1, 6.938894e-18, 0.019214153, 0.018701173)
shape = SubResource("BoxShape3D_e0rqu")

[node name="Physical Bone upper_arm_L" type="PhysicalBone3D" parent="rig/Skeleton3D/PhysicalBoneSimulator3D" index="6" unique_id=1433849394]
transform = Transform3D(-0.7044409, 0.020333128, -0.70947134, -0.70780635, 0.05404069, 0.70433646, 0.052661683, 0.9983317, -0.023676557, 0.19711566, 1.2148159, -0.018473871)
collision_layer = 8
collision_mask = 9
joint_type = 2
joint_offset = Transform3D(1, 0, 0, 0, 1, 0, 0, 0, 1, -2.173059e-05, -1.7542786e-06, 0.12866938)
body_offset = Transform3D(0.99999994, -1.270324e-06, -9.459909e-06, -9.848736e-06, -1.5832484e-06, -0.99999994, 1.3150275e-06, 1, -1.4789402e-06, 2.2947788e-05, 0.12866938, 1.9446015e-06)
bounce = 0.5
bone_name = "upper_arm.L"
joint_constraints/swing_span = 45.0
joint_constraints/twist_span = 180.0
joint_constraints/bias = 0.3
joint_constraints/softness = 0.8
joint_constraints/relaxation = 1.0

[node name="CollisionShape3D" type="CollisionShape3D" parent="rig/Skeleton3D/PhysicalBoneSimulator3D/Physical Bone upper_arm_L" index="0" unique_id=1982964215]
transform = Transform3D(1, 0, 0, 0, 0, 1, 0, -1, 0, 0, 0, 0)
shape = SubResource("CapsuleShape3D_s6k45")

[node name="Physical Bone forearm_L" type="PhysicalBone3D" parent="rig/Skeleton3D/PhysicalBoneSimulator3D" index="7" unique_id=49900011]
transform = Transform3D(-0.74801075, -0.0740537, -0.6595423, -0.66247135, 0.023196667, 0.7487281, -0.040146902, 0.9969845, -0.0664098, 0.38183928, 1.0181528, -0.0060231416)
collision_layer = 8
collision_mask = 9
joint_type = 5
joint_offset = Transform3D(1, 0, 0, 0, 1, 0, 0, 0, 1, -4.227875e-08, -4.898269e-07, 0.14165941)
body_offset = Transform3D(1.0000001, 1.8626451e-08, 7.1921386e-07, 2.8614886e-07, -1.9967556e-06, -1.0000002, 4.0978193e-08, 1.0000002, -1.847744e-06, -5.9604645e-08, 0.14165944, 7.515773e-07)
bounce = 0.5
bone_name = "forearm.L"
joint_constraints/x/linear_limit_enabled = true
joint_constraints/x/linear_limit_upper = 0.0
joint_constraints/x/linear_limit_lower = 0.0
joint_constraints/x/linear_limit_softness = 0.7
joint_constraints/x/linear_spring_enabled = false
joint_constraints/x/linear_spring_stiffness = 0.0
joint_constraints/x/linear_spring_damping = 0.0
joint_constraints/x/linear_equilibrium_point = 0.0
joint_constraints/x/linear_restitution = 0.5
joint_constraints/x/linear_damping = 1.0
joint_constraints/x/angular_limit_enabled = true
joint_constraints/x/angular_limit_upper = 0.0
joint_constraints/x/angular_limit_lower = -180.0
joint_constraints/x/angular_limit_softness = 0.5
joint_constraints/x/angular_restitution = 0.0
joint_constraints/x/angular_damping = 1.0
joint_constraints/x/erp = 0.5
joint_constraints/x/angular_spring_enabled = false
joint_constraints/x/angular_spring_stiffness = 0.0
joint_constraints/x/angular_spring_damping = 0.0
joint_constraints/x/angular_equilibrium_point = 0.0
joint_constraints/y/linear_limit_enabled = true
joint_constraints/y/linear_limit_upper = 0.0
joint_constraints/y/linear_limit_lower = 0.0
joint_constraints/y/linear_limit_softness = 0.7
joint_constraints/y/linear_spring_enabled = false
joint_constraints/y/linear_spring_stiffness = 0.0
joint_constraints/y/linear_spring_damping = 0.0
joint_constraints/y/linear_equilibrium_point = 0.0
joint_constraints/y/linear_restitution = 0.5
joint_constraints/y/linear_damping = 1.0
joint_constraints/y/angular_limit_enabled = true
joint_constraints/y/angular_limit_upper = 0.0
joint_constraints/y/angular_limit_lower = 0.0
joint_constraints/y/angular_limit_softness = 0.5
joint_constraints/y/angular_restitution = 0.0
joint_constraints/y/angular_damping = 1.0
joint_constraints/y/erp = 0.5
joint_constraints/y/angular_spring_enabled = false
joint_constraints/y/angular_spring_stiffness = 0.0
joint_constraints/y/angular_spring_damping = 0.0
joint_constraints/y/angular_equilibrium_point = 0.0
joint_constraints/z/linear_limit_enabled = true
joint_constraints/z/linear_limit_upper = 0.0
joint_constraints/z/linear_limit_lower = 0.0
joint_constraints/z/linear_limit_softness = 0.7
joint_constraints/z/linear_spring_enabled = false
joint_constraints/z/linear_spring_stiffness = 0.0
joint_constraints/z/linear_spring_damping = 0.0
joint_constraints/z/linear_equilibrium_point = 0.0
joint_constraints/z/linear_restitution = 0.5
joint_constraints/z/linear_damping = 1.0
joint_constraints/z/angular_limit_enabled = true
joint_constraints/z/angular_limit_upper = 0.0
joint_constraints/z/angular_limit_lower = 0.0
joint_constraints/z/angular_limit_softness = 0.5
joint_constraints/z/angular_restitution = 0.0
joint_constraints/z/angular_damping = 1.0
joint_constraints/z/erp = 0.5
joint_constraints/z/angular_spring_enabled = false
joint_constraints/z/angular_spring_stiffness = 0.0
joint_constraints/z/angular_spring_damping = 0.0
joint_constraints/z/angular_equilibrium_point = 0.0

[node name="CollisionShape3D" type="CollisionShape3D" parent="rig/Skeleton3D/PhysicalBoneSimulator3D/Physical Bone forearm_L" index="0" unique_id=464403179]
transform = Transform3D(1, 0, 0, 0, 0, 1, 0, -1, 0, 0, 0, 0)
shape = SubResource("CapsuleShape3D_kw4a8")

[node name="Physical Bone hand_L" type="PhysicalBone3D" parent="rig/Skeleton3D/PhysicalBoneSimulator3D" index="8" unique_id=1022800397]
transform = Transform3D(0.7093468, 0.2729543, -0.64986396, 0.63596004, -0.6454084, 0.4230873, -0.30394414, -0.7134031, -0.63140637, 0.48428127, 0.90618944, 0.012163602)
collision_layer = 8
collision_mask = 9
joint_type = 1
joint_offset = Transform3D(1, 0, 0, 0, 1, 0, 0, 0, 1, 2.7866336e-05, -4.811678e-06, 0.013898067)
body_offset = Transform3D(-0.9442068, 0.23770985, 0.22796427, 1.8626451e-09, 0.6921562, -0.7217481, -0.32935348, -0.68147933, -0.65353835, -0.0031408072, 0.010034233, 0.009088818)
bounce = 0.5
bone_name = "hand.L"
joint_constraints/bias = 0.3
joint_constraints/damping = 1.0
joint_constraints/impulse_clamp = 0.0

[node name="CollisionShape3D" type="CollisionShape3D" parent="rig/Skeleton3D/PhysicalBoneSimulator3D/Physical Bone hand_L" index="0" unique_id=2113021888]
transform = Transform3D(1.0000001, -5.3830445e-07, 4.7683716e-07, 1.4901161e-08, 0.733683, 0.67949283, 4.4703484e-08, -0.6794927, 0.73368275, 7.705135e-09, 0.03582478, -0.009823487)
shape = SubResource("CapsuleShape3D_oooeh")

[node name="Physical Bone hand_flaps_L" type="PhysicalBone3D" parent="rig/Skeleton3D/PhysicalBoneSimulator3D" index="9" unique_id=1780052133]
transform = Transform3D(-0.74036837, 0.67220145, 4.8315275e-07, -0.6708924, -0.73892665, -0.062377255, -0.041929714, -0.046182472, 0.9980527, 0.44799194, 0.9470267, -0.017499557)
collision_layer = 8
collision_mask = 9
joint_type = 1
joint_offset = Transform3D(1, 0, 0, 0, 1, 0, 0, 0, 1, -2.6544973e-07, 1.3950438e-06, 0.020968763)
body_offset = Transform3D(1.0000001, 2.6321504e-07, -1.553446e-06, -1.5646219e-06, -1.0244548e-06, -1.0000002, -7.158378e-07, 1.0000002, -1.1511147e-06, 2.9802322e-07, 0.020968769, -1.3709068e-06)
bounce = 0.5
bone_name = "hand_flaps.L"
joint_constraints/bias = 0.3
joint_constraints/damping = 1.0
joint_constraints/impulse_clamp = 0.0

[node name="CollisionShape3D" type="CollisionShape3D" parent="rig/Skeleton3D/PhysicalBoneSimulator3D/Physical Bone hand_flaps_L" index="0" unique_id=592268039]
transform = Transform3D(1, 8.568168e-08, -1.9127037e-07, 1.6880222e-08, 3.7252903e-08, 1.0000001, 7.450581e-09, -1, 7.450581e-09, 0, -5.9604645e-08, -0.030768096)
shape = SubResource("CapsuleShape3D_823ql")

[node name="Physical Bone upper_arm_R" type="PhysicalBone3D" parent="rig/Skeleton3D/PhysicalBoneSimulator3D" index="10" unique_id=1088178524]
transform = Transform3D(-0.70446044, -0.020326836, 0.7094522, 0.7077878, 0.05403172, 0.70435584, -0.05265025, 0.9983323, -0.02367612, -0.19711235, 1.2148358, -0.018477287)
collision_layer = 8
collision_mask = 9
joint_type = 2
joint_offset = Transform3D(1, 0, 0, 0, 1, 0, 0, 0, 1, 6.3539105e-06, 3.8854586e-07, 0.12865292)
body_offset = Transform3D(1, -9.700656e-06, 3.6322162e-05, 3.6656158e-05, 5.867332e-07, -1.0000001, 9.741634e-06, 1, 5.699694e-07, -1.1026859e-05, 0.12865293, -4.61936e-07)
bounce = 0.5
bone_name = "upper_arm.R"
joint_constraints/swing_span = 45.0
joint_constraints/twist_span = 180.0
joint_constraints/bias = 0.3
joint_constraints/softness = 0.8
joint_constraints/relaxation = 1.0

[node name="CollisionShape3D" type="CollisionShape3D" parent="rig/Skeleton3D/PhysicalBoneSimulator3D/Physical Bone upper_arm_R" index="0" unique_id=274293891]
transform = Transform3D(1, 0, 0, 0, 0, 1, 0, -1, 0, 0, 0, 0)
shape = SubResource("CapsuleShape3D_4rqm0")

[node name="Physical Bone forearm_R" type="PhysicalBone3D" parent="rig/Skeleton3D/PhysicalBoneSimulator3D" index="11" unique_id=1319079056]
transform = Transform3D(-0.74801075, 0.074064754, 0.659541, 0.6624709, 0.023200376, 0.74872833, 0.04015278, 0.9969836, -0.06641987, -0.381839, 1.0181537, -0.0060233083)
collision_layer = 8
collision_mask = 9
joint_type = 5
joint_offset = Transform3D(1, 0, 0, 0, 1, 0, 0, 0, 1, -4.991322e-07, 1.1008534e-06, 0.14165835)
body_offset = Transform3D(1.0000001, -5.826354e-06, -2.6333146e-07, 3.306195e-08, -1.1637807e-05, -1.0000001, 5.8561563e-06, 1.0000002, -1.1630356e-05, 5.364418e-07, 0.14165837, 5.4668635e-07)
bounce = 0.5
bone_name = "forearm.R"
joint_constraints/x/linear_limit_enabled = true
joint_constraints/x/linear_limit_upper = 0.0
joint_constraints/x/linear_limit_lower = 0.0
joint_constraints/x/linear_limit_softness = 0.7
joint_constraints/x/linear_spring_enabled = false
joint_constraints/x/linear_spring_stiffness = 0.0
joint_constraints/x/linear_spring_damping = 0.0
joint_constraints/x/linear_equilibrium_point = 0.0
joint_constraints/x/linear_restitution = 0.5
joint_constraints/x/linear_damping = 1.0
joint_constraints/x/angular_limit_enabled = true
joint_constraints/x/angular_limit_upper = 0.0
joint_constraints/x/angular_limit_lower = -180.0
joint_constraints/x/angular_limit_softness = 0.5
joint_constraints/x/angular_restitution = 0.0
joint_constraints/x/angular_damping = 1.0
joint_constraints/x/erp = 0.5
joint_constraints/x/angular_spring_enabled = false
joint_constraints/x/angular_spring_stiffness = 0.0
joint_constraints/x/angular_spring_damping = 0.0
joint_constraints/x/angular_equilibrium_point = 0.0
joint_constraints/y/linear_limit_enabled = true
joint_constraints/y/linear_limit_upper = 0.0
joint_constraints/y/linear_limit_lower = 0.0
joint_constraints/y/linear_limit_softness = 0.7
joint_constraints/y/linear_spring_enabled = false
joint_constraints/y/linear_spring_stiffness = 0.0
joint_constraints/y/linear_spring_damping = 0.0
joint_constraints/y/linear_equilibrium_point = 0.0
joint_constraints/y/linear_restitution = 0.5
joint_constraints/y/linear_damping = 1.0
joint_constraints/y/angular_limit_enabled = true
joint_constraints/y/angular_limit_upper = 0.0
joint_constraints/y/angular_limit_lower = 0.0
joint_constraints/y/angular_limit_softness = 0.5
joint_constraints/y/angular_restitution = 0.0
joint_constraints/y/angular_damping = 1.0
joint_constraints/y/erp = 0.5
joint_constraints/y/angular_spring_enabled = false
joint_constraints/y/angular_spring_stiffness = 0.0
joint_constraints/y/angular_spring_damping = 0.0
joint_constraints/y/angular_equilibrium_point = 0.0
joint_constraints/z/linear_limit_enabled = true
joint_constraints/z/linear_limit_upper = 0.0
joint_constraints/z/linear_limit_lower = 0.0
joint_constraints/z/linear_limit_softness = 0.7
joint_constraints/z/linear_spring_enabled = false
joint_constraints/z/linear_spring_stiffness = 0.0
joint_constraints/z/linear_spring_damping = 0.0
joint_constraints/z/linear_equilibrium_point = 0.0
joint_constraints/z/linear_restitution = 0.5
joint_constraints/z/linear_damping = 1.0
joint_constraints/z/angular_limit_enabled = true
joint_constraints/z/angular_limit_upper = 0.0
joint_constraints/z/angular_limit_lower = 0.0
joint_constraints/z/angular_limit_softness = 0.5
joint_constraints/z/angular_restitution = 0.0
joint_constraints/z/angular_damping = 1.0
joint_constraints/z/erp = 0.5
joint_constraints/z/angular_spring_enabled = false
joint_constraints/z/angular_spring_stiffness = 0.0
joint_constraints/z/angular_spring_damping = 0.0
joint_constraints/z/angular_equilibrium_point = 0.0

[node name="CollisionShape3D" type="CollisionShape3D" parent="rig/Skeleton3D/PhysicalBoneSimulator3D/Physical Bone forearm_R" index="0" unique_id=632769728]
transform = Transform3D(1, 0, 0, 0, 0, 1, 0, -1, 0, 0, 0, 0)
shape = SubResource("CapsuleShape3D_0v3s8")

[node name="Physical Bone hand_R" type="PhysicalBone3D" parent="rig/Skeleton3D/PhysicalBoneSimulator3D" index="12" unique_id=422108666]
transform = Transform3D(0.7093959, -0.2729107, 0.6498287, -0.63590324, -0.6454384, 0.42312706, 0.30394843, -0.71339273, -0.6314161, -0.48431754, 0.9061977, 0.012175586)
collision_layer = 8
collision_mask = 9
joint_type = 1
joint_offset = Transform3D(1, 0, 0, 0, 1, 0, 0, 0, 1, 5.0710514e-07, -5.066395e-07, 0.013925404)
body_offset = Transform3D(-0.94420624, -0.23776194, -0.2279121, -7.4687414e-05, 0.6921493, -0.7217544, 0.32935482, -0.68146795, -0.6535493, 0.0031741261, 0.010051072, 0.009100426)
bounce = 0.5
bone_name = "hand.R"
joint_constraints/bias = 0.3
joint_constraints/damping = 1.0
joint_constraints/impulse_clamp = 0.0

[node name="CollisionShape3D" type="CollisionShape3D" parent="rig/Skeleton3D/PhysicalBoneSimulator3D/Physical Bone hand_R" index="0" unique_id=580096743]
transform = Transform3D(1, 3.655441e-08, 0, 0, 0.656928, 0.75395334, 1.4901161e-08, -0.75395316, 0.6569277, 5.9604645e-08, 0.025568843, -0.029345423)
shape = SubResource("CapsuleShape3D_5f4dq")

[node name="Physical Bone hand_flaps_R" type="PhysicalBone3D" parent="rig/Skeleton3D/PhysicalBoneSimulator3D" index="13" unique_id=920417226]
transform = Transform3D(-0.74036384, -0.6722064, -5.019717e-05, 0.6709018, -0.73892224, -0.062327746, 0.041860014, -0.04617888, 0.9980558, -0.44799185, 0.94702345, -0.017499525)
collision_layer = 8
collision_mask = 9
joint_type = 1
joint_offset = Transform3D(1, 0, 0, 0, 1, 0, 0, 0, 1, 9.3829675e-07, -6.8635086e-07, 0.020968666)
body_offset = Transform3D(1.0000001, 6.827875e-06, 7.179752e-05, 7.172674e-05, -4.183501e-06, -1.0000002, -6.45651e-06, 0.99999994, -4.220754e-06, -2.4437904e-06, 0.020968672, 7.748604e-07)
bounce = 0.5
bone_name = "hand_flaps.R"
joint_constraints/bias = 0.3
joint_constraints/damping = 1.0
joint_constraints/impulse_clamp = 0.0

[node name="CollisionShape3D" type="CollisionShape3D" parent="rig/Skeleton3D/PhysicalBoneSimulator3D/Physical Bone hand_flaps_R" index="0" unique_id=541532473]
transform = Transform3D(1.0000005, 4.4703484e-08, -3.085006e-08, 0, -2.1606684e-07, 1.0000008, 0, -1.0000099, 0, 1.3889405e-09, -6.946043e-09, -0.03107038)
shape = SubResource("CapsuleShape3D_wkwjc")

[node name="Physical Bone thigh_L" type="PhysicalBone3D" parent="rig/Skeleton3D/PhysicalBoneSimulator3D" index="14" unique_id=2074096481]
transform = Transform3D(0.9992531, 0.0011226397, 0.03862619, -0.03861441, 0.0671137, 0.9969979, -0.0014730769, -0.99774474, 0.06710692, 0.07127708, 0.68311757, 0.057340987)
collision_layer = 8
collision_mask = 9
joint_type = 2
joint_offset = Transform3D(1, 0, 0, 0, 1, 0, 0, 0, 1, 0.00013683092, -0.00049219216, 0.21675989)
body_offset = Transform3D(0.9999992, 0.00067781785, -0.00063045515, -0.00063200365, 0.0022721514, -0.999997, -0.0006763791, 0.9999909, 0.0022725463, 1.6018748e-07, 0.21676046, -3.1664968e-07)
bounce = 0.5
bone_name = "thigh.L"
joint_constraints/swing_span = 9.999996
joint_constraints/twist_span = 9.999996
joint_constraints/bias = 0.3
joint_constraints/softness = 0.8
joint_constraints/relaxation = 1.0

[node name="CollisionShape3D" type="CollisionShape3D" parent="rig/Skeleton3D/PhysicalBoneSimulator3D/Physical Bone thigh_L" index="0" unique_id=2090016027]
transform = Transform3D(0.9999977, -4.831236e-09, -6.2864274e-09, 9.313226e-10, -2.7567148e-07, 0.99999535, 2.6077032e-08, -0.9999937, -2.9802322e-08, 0, 0, 0)
shape = SubResource("CapsuleShape3D_buvwi")

[node name="Physical Bone shin_L" type="PhysicalBone3D" parent="rig/Skeleton3D/PhysicalBoneSimulator3D" index="15" unique_id=1225577144]
transform = Transform3D(0.9989695, -0.0013844199, -0.04536626, 0.045098748, 0.14282264, 0.9887203, 0.005110525, -0.98974735, 0.1427379, 0.0712763, 0.28160524, 0.01553053)
collision_layer = 8
collision_mask = 9
joint_type = 5
joint_offset = Transform3D(1, 0, 0, 0, 1, 0, 0, 0, 1, 9.376756e-07, -9.0938636e-07, 0.18756299)
body_offset = Transform3D(0.9999996, 6.7176297e-06, 7.209019e-07, 6.7037763e-07, -9.089708e-06, -0.99999976, -6.6990033e-06, 0.99999356, -8.1807375e-06, -1.0728836e-06, 0.18756294, 2.4437904e-06)
bounce = 0.5
bone_name = "shin.L"
joint_constraints/x/linear_limit_enabled = true
joint_constraints/x/linear_limit_upper = 0.0
joint_constraints/x/linear_limit_lower = 0.0
joint_constraints/x/linear_limit_softness = 0.7
joint_constraints/x/linear_spring_enabled = false
joint_constraints/x/linear_spring_stiffness = 0.0
joint_constraints/x/linear_spring_damping = 0.0
joint_constraints/x/linear_equilibrium_point = 0.0
joint_constraints/x/linear_restitution = 0.5
joint_constraints/x/linear_damping = 1.0
joint_constraints/x/angular_limit_enabled = true
joint_constraints/x/angular_limit_upper = 0.0
joint_constraints/x/angular_limit_lower = -180.0
joint_constraints/x/angular_limit_softness = 0.5
joint_constraints/x/angular_restitution = 0.0
joint_constraints/x/angular_damping = 1.0
joint_constraints/x/erp = 0.5
joint_constraints/x/angular_spring_enabled = false
joint_constraints/x/angular_spring_stiffness = 0.0
joint_constraints/x/angular_spring_damping = 0.0
joint_constraints/x/angular_equilibrium_point = 0.0
joint_constraints/y/linear_limit_enabled = true
joint_constraints/y/linear_limit_upper = 0.0
joint_constraints/y/linear_limit_lower = 0.0
joint_constraints/y/linear_limit_softness = 0.7
joint_constraints/y/linear_spring_enabled = false
joint_constraints/y/linear_spring_stiffness = 0.0
joint_constraints/y/linear_spring_damping = 0.0
joint_constraints/y/linear_equilibrium_point = 0.0
joint_constraints/y/linear_restitution = 0.5
joint_constraints/y/linear_damping = 1.0
joint_constraints/y/angular_limit_enabled = true
joint_constraints/y/angular_limit_upper = 0.0
joint_constraints/y/angular_limit_lower = 0.0
joint_constraints/y/angular_limit_softness = 0.5
joint_constraints/y/angular_restitution = 0.0
joint_constraints/y/angular_damping = 1.0
joint_constraints/y/erp = 0.5
joint_constraints/y/angular_spring_enabled = false
joint_constraints/y/angular_spring_stiffness = 0.0
joint_constraints/y/angular_spring_damping = 0.0
joint_constraints/y/angular_equilibrium_point = 0.0
joint_constraints/z/linear_limit_enabled = true
joint_constraints/z/linear_limit_upper = 0.0
joint_constraints/z/linear_limit_lower = 0.0
joint_constraints/z/linear_limit_softness = 0.7
joint_constraints/z/linear_spring_enabled = false
joint_constraints/z/linear_spring_stiffness = 0.0
joint_constraints/z/linear_spring_damping = 0.0
joint_constraints/z/linear_equilibrium_point = 0.0
joint_constraints/z/linear_restitution = 0.5
joint_constraints/z/linear_damping = 1.0
joint_constraints/z/angular_limit_enabled = true
joint_constraints/z/angular_limit_upper = 0.0
joint_constraints/z/angular_limit_lower = 0.0
joint_constraints/z/angular_limit_softness = 0.5
joint_constraints/z/angular_restitution = 0.0
joint_constraints/z/angular_damping = 1.0
joint_constraints/z/erp = 0.5
joint_constraints/z/angular_spring_enabled = false
joint_constraints/z/angular_spring_stiffness = 0.0
joint_constraints/z/angular_spring_damping = 0.0
joint_constraints/z/angular_equilibrium_point = 0.0

[node name="CollisionShape3D" type="CollisionShape3D" parent="rig/Skeleton3D/PhysicalBoneSimulator3D/Physical Bone shin_L" index="0" unique_id=652499107]
transform = Transform3D(0.9999993, 4.17931e-08, -1.8626451e-09, 7.916242e-09, 0, 0.99999845, -1.6530976e-08, -0.99999857, -1.6391277e-07, 0, 0, 0)
shape = SubResource("CapsuleShape3D_wp27b")

[node name="Physical Bone foot_L" type="PhysicalBone3D" parent="rig/Skeleton3D/PhysicalBoneSimulator3D" index="16" unique_id=72558719]
transform = Transform3D(1, -3.5238472e-06, 4.275059e-06, -5.157609e-06, -0.87390286, 0.48610064, 2.023042e-06, -0.4861006, -0.8739029, 0.080403015, 0.05922219, 0.055191528)
collision_layer = 8
collision_mask = 9
joint_type = 2
joint_offset = Transform3D(1, 0, 0, 0, 1, 0, 0, 0, 1, -0.0006174235, 4.7210628e-07, 0.07601205)
body_offset = Transform3D(0.99999964, -5.18061e-06, 2.7588826e-06, 2.754502e-06, -1.4901161e-06, -0.999995, 5.1523016e-06, 0.99999875, -6.1690807e-06, 0.00061721355, 0.07601167, 0)
bounce = 0.5
bone_name = "foot.L"
joint_constraints/swing_span = 45.0
joint_constraints/twist_span = 180.0
joint_constraints/bias = 0.3
joint_constraints/softness = 0.8
joint_constraints/relaxation = 1.0

[node name="CollisionShape3D" type="CollisionShape3D" parent="rig/Skeleton3D/PhysicalBoneSimulator3D/Physical Bone foot_L" index="0" unique_id=1755556023]
transform = Transform3D(1, -1.07731254e-11, 2.4244735e-11, -2.8279601e-11, -0.48170766, 0.8763318, 1.0743406e-11, -0.8763317, -0.48170772, 1.4901465e-08, 0.013583039, -0.019803226)
shape = SubResource("CapsuleShape3D_ytxqc")

[node name="Physical Bone thigh_R" type="PhysicalBone3D" parent="rig/Skeleton3D/PhysicalBoneSimulator3D" index="17" unique_id=59287884]
transform = Transform3D(0.99922913, -0.00053432566, -0.039255027, 0.03919743, 0.06940414, 0.99681824, 0.002191836, -0.99758846, 0.06937158, -0.071283825, 0.6831315, 0.057340376)
collision_layer = 8
collision_mask = 9
joint_type = 2
joint_offset = Transform3D(1, 0, 0, 0, 1, 0, 0, 0, 1, 6.3582056e-06, -1.5325681e-06, 0.21674637)
body_offset = Transform3D(0.9999996, 1.2572855e-08, 2.1187589e-08, 2.7444912e-08, 1.2516975e-06, -0.99999976, -1.3038516e-08, 0.9999942, 1.244247e-06, -6.362796e-06, 0.21674633, 1.2628734e-06)
bounce = 0.5
bone_name = "thigh.R"
joint_constraints/swing_span = 9.999996
joint_constraints/twist_span = 9.999996
joint_constraints/bias = 0.3
joint_constraints/softness = 0.8
joint_constraints/relaxation = 1.0

[node name="CollisionShape3D" type="CollisionShape3D" parent="rig/Skeleton3D/PhysicalBoneSimulator3D/Physical Bone thigh_R" index="0" unique_id=600114921]
transform = Transform3D(1, -5.966285e-08, 0, 0, -1.7136335e-07, 1, 7.421477e-10, -0.99999785, 0, 0, 0, 0)
shape = SubResource("CapsuleShape3D_r35ou")

[node name="Physical Bone shin_R" type="PhysicalBone3D" parent="rig/Skeleton3D/PhysicalBoneSimulator3D" index="18" unique_id=1937813055]
transform = Transform3D(0.9989694, 0.0013908445, 0.04536714, -0.045100577, 0.14281328, 0.9887216, -0.005103871, -0.9897487, 0.14272884, -0.071287766, 0.2816158, 0.015535701)
collision_layer = 8
collision_mask = 9
joint_type = 5
joint_offset = Transform3D(1, 0, 0, 0, 1, 0, 0, 0, 1, 1.087523e-05, 9.983372e-07, 0.18755235)
body_offset = Transform3D(0.99999964, 1.3969839e-08, 1.7287675e-07, 2.0535663e-07, 8.940697e-08, -0.99999976, -3.213063e-08, 0.99999416, 8.940697e-07, -1.090765e-05, 0.1875523, -1.1660159e-06)
bounce = 0.5
bone_name = "shin.R"
joint_constraints/x/linear_limit_enabled = true
joint_constraints/x/linear_limit_upper = 0.0
joint_constraints/x/linear_limit_lower = 0.0
joint_constraints/x/linear_limit_softness = 0.7
joint_constraints/x/linear_spring_enabled = false
joint_constraints/x/linear_spring_stiffness = 0.0
joint_constraints/x/linear_spring_damping = 0.0
joint_constraints/x/linear_equilibrium_point = 0.0
joint_constraints/x/linear_restitution = 0.5
joint_constraints/x/linear_damping = 1.0
joint_constraints/x/angular_limit_enabled = true
joint_constraints/x/angular_limit_upper = 0.0
joint_constraints/x/angular_limit_lower = -180.0
joint_constraints/x/angular_limit_softness = 0.5
joint_constraints/x/angular_restitution = 0.0
joint_constraints/x/angular_damping = 1.0
joint_constraints/x/erp = 0.5
joint_constraints/x/angular_spring_enabled = false
joint_constraints/x/angular_spring_stiffness = 0.0
joint_constraints/x/angular_spring_damping = 0.0
joint_constraints/x/angular_equilibrium_point = 0.0
joint_constraints/y/linear_limit_enabled = true
joint_constraints/y/linear_limit_upper = 0.0
joint_constraints/y/linear_limit_lower = 0.0
joint_constraints/y/linear_limit_softness = 0.7
joint_constraints/y/linear_spring_enabled = false
joint_constraints/y/linear_spring_stiffness = 0.0
joint_constraints/y/linear_spring_damping = 0.0
joint_constraints/y/linear_equilibrium_point = 0.0
joint_constraints/y/linear_restitution = 0.5
joint_constraints/y/linear_damping = 1.0
