[gd_scene format=3 uid="uid://bllbjlr3e1iyr"]

[ext_resource type="PackedScene" uid="uid://csthcndft67mp" path="res://models/char_models/gltf_character_files/GR_subject_203.glb" id="1_77tj7"]
[ext_resource type="Script" uid="uid://dl8fs1dtfb77r" path="res://models/char_models/ragdoll_body.gd" id="2_e0rqu"]

[sub_resource type="CapsuleShape3D" id="CapsuleShape3D_o6tax"]
radius = 0.0465
height = 0.093

[sub_resource type="CapsuleShape3D" id="CapsuleShape3D_dkyt4"]
radius = 0.061035156
height = 0.12207031

[sub_resource type="CapsuleShape3D" id="CapsuleShape3D_0eba4"]
radius = 0.07910156
height = 0.15820313

[sub_resource type="CapsuleShape3D" id="CapsuleShape3D_am7cv"]
radius = 0.080078125
height = 0.16015625

[sub_resource type="CapsuleShape3D" id="CapsuleShape3D_u5eey"]
radius = 0.053710938
height = 0.107421875

[sub_resource type="BoxShape3D" id="BoxShape3D_e0rqu"]
size = Vector3(0.1, 0.1, 0.13740234)

[sub_resource type="CapsuleShape3D" id="CapsuleShape3D_s6k45"]
radius = 0.025732338
height = 0.25732338

[sub_resource type="CapsuleShape3D" id="CapsuleShape3D_kw4a8"]
radius = 0.028331626
height = 0.28331625

[sub_resource type="CapsuleShape3D" id="CapsuleShape3D_oooeh"]
radius = 0.048828125
height = 0.16357422

[sub_resource type="CapsuleShape3D" id="CapsuleShape3D_823ql"]
radius = 0.027832031
height = 0.055664063

[sub_resource type="CapsuleShape3D" id="CapsuleShape3D_4rqm0"]
radius = 0.025732338
height = 0.25732338

[sub_resource type="CapsuleShape3D" id="CapsuleShape3D_0v3s8"]
radius = 0.028331622
height = 0.28331622

[sub_resource type="CapsuleShape3D" id="CapsuleShape3D_5f4dq"]
radius = 0.048339844
height = 0.20117188

[sub_resource type="CapsuleShape3D" id="CapsuleShape3D_wkwjc"]
radius = 0.0234375
height = 0.046875

[sub_resource type="CapsuleShape3D" id="CapsuleShape3D_buvwi"]
radius = 0.07714844
height = 0.43351513

[sub_resource type="CapsuleShape3D" id="CapsuleShape3D_wp27b"]
radius = 0.051757813
height = 0.37511182

[sub_resource type="CapsuleShape3D" id="CapsuleShape3D_ytxqc"]
radius = 0.05908203
height = 0.24105059

[sub_resource type="CapsuleShape3D" id="CapsuleShape3D_r35ou"]
radius = 0.080078125
height = 0.43351513

[sub_resource type="CapsuleShape3D" id="CapsuleShape3D_o6n3k"]
radius = 0.05810547
height = 0.37511182

[sub_resource type="CapsuleShape3D" id="CapsuleShape3D_xmynv"]
radius = 0.05859375
height = 0.25114053

[node name="player_ragdoll" unique_id=989224547 node_paths=PackedStringArray("skeleton", "physics_bone", "head_tracker", "body_target") instance=ExtResource("1_77tj7")]
script = ExtResource("2_e0rqu")
skeleton = NodePath("rig/Skeleton3D")
physics_bone = NodePath("rig/Skeleton3D/PhysicalBoneSimulator3D")
head_tracker = NodePath("rig/Skeleton3D/head_track")
body_target = NodePath("rig/body_target")

[node name="Skeleton3D" parent="rig" parent_id_path=PackedInt32Array(1560151386) index="0" unique_id=352152905]
show_rest_only = true
bones/1/position = Vector3(-0.014298393, -0.025517961, 0.79348814)
bones/1/rotation = Quaternion(0.7818754, 7.431926e-08, 9.3206815e-08, 0.6234348)
bones/2/rotation = Quaternion(-0.02417557, 1.19174324e-07, -8.64585e-09, 0.9997078)
bones/3/rotation = Quaternion(-0.054650616, -0.027273992, 0.0048608133, 0.9981212)
bones/4/rotation = Quaternion(-0.078228526, -0.082422666, -0.0031067827, 0.9935176)
bones/5/rotation = Quaternion(-0.07211621, -0.054302882, -0.009215371, 0.9958742)
bones/6/rotation = Quaternion(0.11896101, -0.0546768, -0.0066464012, 0.99137)
bones/7/rotation = Quaternion(-6.871409e-08, -0.055079218, -8.477528e-05, 0.998482)
bones/8/rotation = Quaternion(0.18669993, 0.13491055, -0.025677593, 0.97277075)
bones/10/rotation = Quaternion(-0.11864716, 0.13701847, -0.00928055, 0.9833935)
bones/22/rotation = Quaternion(-0.6007026, -0.31869912, -0.27043253, 0.68150836)
bones/23/rotation = Quaternion(-0.28142244, 0.5069006, -0.7707092, 0.26431137)
bones/24/rotation = Quaternion(0.366244, -0.35064432, 0.11221294, 0.8545889)
bones/25/rotation = Quaternion(0.23447864, -0.7217906, -0.16240644, 0.6306048)
bones/27/rotation = Quaternion(0.29377747, 0.06605418, 0.036810152, 0.9528781)
bones/28/rotation = Quaternion(0.35781363, -0.02536007, -0.026614543, 0.93306917)
bones/29/rotation = Quaternion(0.3987224, 0.02621334, 0.013634663, 0.91659564)
bones/30/rotation = Quaternion(-0.046894178, 0.6985091, 0.42124778, 0.57657284)
bones/31/rotation = Quaternion(-0.050453335, -0.0367595, 0.0020490126, 0.99804765)
bones/32/rotation = Quaternion(-0.046512067, -0.0009043262, 0.01746639, 0.99876463)
bones/34/rotation = Quaternion(0.6088114, 0.030443707, -0.02325986, 0.7923894)
bones/35/rotation = Quaternion(0.18410625, -0.02548518, 0.0019779594, 0.9825739)
bones/36/rotation = Quaternion(0.2872373, -0.011803803, 0.01255095, 0.95770454)
bones/38/rotation = Quaternion(0.6319178, 0.027501585, -0.0055765575, 0.7745274)
bones/39/rotation = Quaternion(0.21062525, -0.029039565, 0.006051692, 0.97711676)
bones/40/rotation = Quaternion(0.3151016, -0.017774584, 0.011353459, 0.94882363)
bones/42/rotation = Quaternion(0.67414045, -0.011491679, 0.05123502, 0.7367344)
bones/43/rotation = Quaternion(0.18228213, -0.010640452, -0.0011181158, 0.98318803)
bones/44/rotation = Quaternion(0.0692151, -0.015947778, 0.10264772, 0.9921787)
bones/45/position = Vector3(0.02421877, 0.00044408446, 0.0006602097)
bones/45/rotation = Quaternion(0.03463985, 0.025752405, -0.3601669, 0.9318888)
bones/45/scale = Vector3(0.9999999, 0.9999997, 0.99999964)
bones/48/rotation = Quaternion(-0.60070264, 0.31869894, 0.2704323, 0.6815084)
bones/49/rotation = Quaternion(-0.17738035, -0.6515064, 0.5882719, 0.44498524)
bones/50/rotation = Quaternion(0.7734477, -0.054478478, 0.12043631, 0.6199241)
bones/51/rotation = Quaternion(0.011440651, -0.21322061, 0.6111432, 0.76217467)
bones/53/rotation = Quaternion(-0.13206676, -0.04458002, -0.061079163, 0.98835236)
bones/54/rotation = Quaternion(0.3040125, 0.023800902, 0.028018938, 0.9519585)
bones/55/rotation = Quaternion(0.34579363, -0.025393274, -0.015105771, 0.9378453)
bones/56/rotation = Quaternion(0.021828726, -0.6522635, -0.5814036, 0.4858453)
bones/57/rotation = Quaternion(0.39674684, -0.17445862, 0.15166992, 0.8883425)
bones/58/rotation = Quaternion(0.4222196, -0.0038313202, 0.05872192, 0.9045815)
bones/60/rotation = Quaternion(0.5892249, -0.030980442, -0.005412771, 0.8073569)
bones/61/rotation = Quaternion(0.44727057, 0.21372189, -0.10773285, 0.86178046)
bones/62/rotation = Quaternion(0.5515268, 0.0076771583, -0.015422318, 0.83397925)
bones/64/rotation = Quaternion(0.61734086, -0.027341327, -0.0025602747, 0.78621644)
bones/65/rotation = Quaternion(0.39095297, 0.21635573, -0.09485537, 0.8895776)
bones/66/rotation = Quaternion(0.49881288, 0.015139181, -0.014684172, 0.86645305)
bones/68/rotation = Quaternion(0.49809262, 0.023424666, -0.037934173, 0.86597687)
bones/69/rotation = Quaternion(0.52004504, 0.18408357, -0.112153, 0.82649153)
bones/70/rotation = Quaternion(0.43020886, -0.023028165, -0.10129478, 0.8967326)
bones/71/position = Vector3(-0.027088722, 0.064011514, -0.043037865)
bones/71/rotation = Quaternion(0.068391055, 0.6786204, 0.7307744, -0.027675718)
bones/71/scale = Vector3(0.9999999, 0.99999976, 0.99999964)
bones/74/rotation = Quaternion(0.060754575, 0.70394546, 0.7050299, -0.060848247)
bones/76/position = Vector3(0.07194668, 0.014142294, 0.06519321)
bones/76/rotation = Quaternion(-0.08290212, 0.004781448, 0.046446398, 0.9954633)
bones/77/position = Vector3(-0.071849875, 0.0146263605, 0.06519317)
bones/77/rotation = Quaternion(-0.0829178, -0.0045027765, -0.049797144, 0.9953013)
bones/78/position = Vector3(0.049325723, 0.04464541, -0.037112717)
bones/78/rotation = Quaternion(0.009182228, -0.21224889, -0.14505073, -0.966347)
bones/78/scale = Vector3(0.9741633, 1.0537477, 0.9741628)
bones/79/rotation = Quaternion(0.07823314, 0.7694965, 0.4289203, -0.46667135)
bones/81/rotation = Quaternion(0.99702436, -0.019556766, 0.00172992, 0.07454541)
bones/82/rotation = Quaternion(0.03692182, -0.0008501079, -0.042298146, 0.9984222)
bones/83/rotation = Quaternion(-0.5671845, -0.012298009, 0.019079674, 0.82327795)
bones/84/rotation = Quaternion(-6.924477e-07, 0.9779898, -0.20865276, 3.5447827e-06)
bones/85/position = Vector3(-0.030937338, 0.010048725, 0.08060376)
bones/85/rotation = Quaternion(0.68445444, 0.68445176, -0.17755002, 0.17754996)
bones/86/rotation = Quaternion(0.9970245, 0.019556772, -0.0017297836, 0.07454381)
bones/87/rotation = Quaternion(0.036918312, 0.0008500362, 0.04229821, 0.9984223)
bones/88/rotation = Quaternion(-0.56718266, 0.012298176, -0.01907947, 0.82327914)
bones/89/rotation = Quaternion(-7.7297784e-08, 0.9779898, -0.20865276, -1.9169187e-07)

[node name="PhysicalBoneSimulator3D" type="PhysicalBoneSimulator3D" parent="rig/Skeleton3D" index="3" unique_id=1624738270]

[node name="Physical Bone spine" type="PhysicalBone3D" parent="rig/Skeleton3D/PhysicalBoneSimulator3D" index="0" unique_id=2046666120]
transform = Transform3D(1, 3.427265e-07, -3.7256562e-09, 7.072914e-08, -0.21698362, -0.9761753, -3.3536952e-07, 0.9761753, -0.21698362, -5.960464e-08, 0.9030651, 0.021222955)
collision_layer = 8
collision_mask = 9
joint_type = 2
joint_offset = Transform3D(1, 0, 0, 0, 1, 0, 0, 0, 1, 5.97626e-08, 1.1694709e-07, 0.0424093)
body_offset = Transform3D(1, 1.04307986e-07, -3.725578e-09, -3.7255177e-09, -2.9802322e-07, -1, -1.0430796e-07, 1, -2.9802322e-07, -5.9604616e-08, 0.0424093, -1.0430813e-07)
bounce = 0.5
bone_name = "spine"
joint_constraints/swing_span = 0.99999964
joint_constraints/twist_span = 30.0
joint_constraints/bias = 0.3
joint_constraints/softness = 0.8
joint_constraints/relaxation = 1.0

[node name="CollisionShape3D" type="CollisionShape3D" parent="rig/Skeleton3D/PhysicalBoneSimulator3D/Physical Bone spine" index="0" unique_id=37016445]
transform = Transform3D(1, -1.3784529e-12, 5.6132876e-13, 7.1054274e-14, 1.0000015, 1.4901161e-08, 1.0658141e-14, -1.4901161e-08, 1.0000015, 7.9580786e-13, 0, 0)
shape = SubResource("CapsuleShape3D_o6tax")

[node name="Physical Bone spine_001" type="PhysicalBone3D" parent="rig/Skeleton3D/PhysicalBoneSimulator3D" index="1" unique_id=823728151]
transform = Transform3D(1, -2.6807455e-05, -1.5380367e-06, -4.6222167e-06, -0.11543287, -0.9933153, 2.6450714e-05, 0.99331534, -0.115432866, -1.6703164e-07, 0.97326386, 0.03377337)
collision_layer = 8
collision_mask = 9
joint_type = 2
joint_offset = Transform3D(1, 0, 0, 0, 1, 0, 0, 0, 1, 2.115891e-07, -1.3415977e-06, 0.02899373)
body_offset = Transform3D(1, -2.7284292e-05, -1.5380274e-06, -1.5385594e-06, -1.951307e-05, -0.99999994, 2.728426e-05, 1, -1.951307e-05, -1.6703255e-07, 0.028993726, 1.9073486e-06)
bounce = 0.5
bone_name = "spine.001"
joint_constraints/swing_span = 0.99999964
joint_constraints/twist_span = 30.0
joint_constraints/bias = 0.3
joint_constraints/softness = 0.8
joint_constraints/relaxation = 1.0

[node name="CollisionShape3D" type="CollisionShape3D" parent="rig/Skeleton3D/PhysicalBoneSimulator3D/Physical Bone spine_001" index="0" unique_id=727911111]
transform = Transform3D(1, -3.637979e-12, 1.364242e-12, 3.8198777e-11, 1, 1.937151e-07, -1.6825652e-11, -1.937151e-07, 1, 9.094947e-13, 0, 0)
shape = SubResource("CapsuleShape3D_dkyt4")

[node name="Physical Bone spine_002" type="PhysicalBone3D" parent="rig/Skeleton3D/PhysicalBoneSimulator3D" index="2" unique_id=1182100013]
transform = Transform3D(1, 2.3841726e-07, -3.1263878e-13, -4.1511214e-08, 0.17411032, -0.98472613, -2.3477567e-07, 0.98472613, 0.17411032, 1.5591564e-10, 1.0915052, 0.038851872)
collision_layer = 8
collision_mask = 9
joint_type = 2
joint_offset = Transform3D(1, 0, 0, 0, 1, 0, 0, 0, 1, -1.5603248e-10, 5.324177e-07, 0.030006055)
body_offset = Transform3D(1, -1.3500312e-12, -3.2684966e-13, -3.3395509e-13, 1.1920929e-07, -0.9999998, 1.3926638e-12, 0.99999994, 1.3411045e-07, 1.5604229e-10, 0.030006051, -5.364418e-07)
bounce = 0.5
bone_name = "spine.002"
joint_constraints/swing_span = 0.99999964
joint_constraints/twist_span = 30.0
joint_constraints/bias = 0.3
joint_constraints/softness = 0.8
joint_constraints/relaxation = 1.0

[node name="CollisionShape3D" type="CollisionShape3D" parent="rig/Skeleton3D/PhysicalBoneSimulator3D/Physical Bone spine_002" index="0" unique_id=2060296786]
transform = Transform3D(1, -1.5347723e-12, -6.217249e-14, 0, 1, 0, 0, 0, 1, 0, 0, 0)
shape = SubResource("CapsuleShape3D_0eba4")

[node name="Physical Bone spine_003" type="PhysicalBone3D" parent="rig/Skeleton3D/PhysicalBoneSimulator3D" index="3" unique_id=907723815]
transform = Transform3D(1, 2.3841892e-07, -4.3085535e-12, -3.906755e-10, 0.0016205383, -0.9999987, -2.3841858e-07, 0.9999987, 0.0016205383, 8.230522e-11, 1.2326834, 0.021102183)
collision_layer = 8
collision_mask = 9
joint_type = 2
joint_offset = Transform3D(1, 0, 0, 0, 1, 0, 0, 0, 1, -2.9312715e-11, -0.0002215473, 0.039899364)
body_offset = Transform3D(1, 3.126388e-13, -4.0900894e-12, -4.108658e-12, -8.121133e-07, -0.99999964, -2.4158453e-13, 0.9999999, -8.266652e-07, 2.9475977e-11, 0.03989935, 0.00022158027)
bounce = 0.5
bone_name = "spine.003"
joint_constraints/swing_span = 0.99999964
joint_constraints/twist_span = 30.0
joint_constraints/bias = 0.3
joint_constraints/softness = 0.8
joint_constraints/relaxation = 1.0

[node name="CollisionShape3D" type="CollisionShape3D" parent="rig/Skeleton3D/PhysicalBoneSimulator3D/Physical Bone spine_003" index="0" unique_id=341850378]
transform = Transform3D(1, 6.5225603e-15, 1.4210855e-14, 4.8316906e-13, 0, 1, 0, -1, 0, 0, 0, 0)
shape = SubResource("CapsuleShape3D_am7cv")

[node name="Physical Bone spine_004" type="PhysicalBone3D" parent="rig/Skeleton3D/PhysicalBoneSimulator3D" index="4" unique_id=938223093]
transform = Transform3D(1, 8.554554e-14, -4.788558e-14, -1.2962468e-14, -0.36878473, -0.9295148, -9.717532e-14, 0.9295148, -0.36878473, -8.086427e-15, 1.3744389, 0.030624084)
collision_layer = 8
collision_mask = 9
joint_type = 2
joint_offset = Transform3D(1, 0, 0, 0, 1, 0, 0, 0, 1, 1.20113905e-14, 9.4120466e-08, 0.026933914)
body_offset = Transform3D(1, -1.3930358e-14, 1.6063373e-14, -1.0164395e-20, -1.0728836e-06, -0.9999997, 1.7763582e-14, 0.9999998, -1.2814999e-06, -1.2444039e-14, 0.026933908, -5.9604645e-08)
bounce = 0.5
bone_name = "spine.004"
joint_constraints/swing_span = 0.99999964
joint_constraints/twist_span = 30.0
joint_constraints/bias = 0.3
joint_constraints/softness = 0.8
joint_constraints/relaxation = 1.0

[node name="CollisionShape3D" type="CollisionShape3D" parent="rig/Skeleton3D/PhysicalBoneSimulator3D/Physical Bone spine_004" index="0" unique_id=384164241]
transform = Transform3D(1, -2.3716923e-19, 3.3881318e-21, 0, 1, 2.9802322e-08, 0, 0, 1, 0, 0, 0)
shape = SubResource("CapsuleShape3D_u5eey")

[node name="Physical Bone head" type="PhysicalBone3D" parent="rig/Skeleton3D/PhysicalBoneSimulator3D" index="5" unique_id=373966501]
transform = Transform3D(1, -6.540436e-11, 9.862339e-12, 6.540436e-11, 1, -2.0116556e-07, -9.862326e-12, 2.0116556e-07, 1, 1.2929855e-14, 1.4496242, 0.050081883)
collision_layer = 0
collision_mask = 9
joint_type = 2
body_offset = Transform3D(1, -6.541857e-11, 9.7344416e-12, 6.5397236e-11, 0.99999964, -9.68574e-08, -9.734435e-12, 1.11758624e-07, 1, 0, 0, 0)
bounce = 0.2
bone_name = "spine.006"
joint_constraints/swing_span = 1.9999993
joint_constraints/twist_span = 0.0
joint_constraints/bias = 0.3
joint_constraints/softness = 0.8
joint_constraints/relaxation = 1.0

[node name="CollisionShape3D" type="CollisionShape3D" parent="rig/Skeleton3D/PhysicalBoneSimulator3D/Physical Bone head" index="0" unique_id=265368116]
transform = Transform3D(1, -1.4041678e-18, 0, -1.4041678e-18, 1, 0, 0, 0, 1, 6.938894e-18, 0.019214153, 0.018701173)
shape = SubResource("BoxShape3D_e0rqu")

[node name="Physical Bone upper_arm_L" type="PhysicalBone3D" parent="rig/Skeleton3D/PhysicalBoneSimulator3D" index="6" unique_id=1433849394]
transform = Transform3D(-0.7044409, 0.020333054, -0.70947134, -0.70780635, 0.054040395, 0.70433646, 0.052661423, 0.9983317, -0.023676401, 0.19711566, 1.2148159, -0.018473819)
collision_layer = 8
collision_mask = 9
joint_type = 2
joint_offset = Transform3D(1, 0, 0, 0, 1, 0, 0, 0, 1, -2.173934e-05, -1.8263306e-06, 0.1286694)
body_offset = Transform3D(0.9999999, -1.0095537e-06, -9.3919225e-06, -9.854906e-06, -1.4305115e-06, -0.9999999, 1.0542572e-06, 1, -1.3243407e-06, 2.2947788e-05, 0.12866938, 1.9967556e-06)
bounce = 0.5
bone_name = "upper_arm.L"
joint_constraints/swing_span = 45.0
joint_constraints/twist_span = 180.0
joint_constraints/bias = 0.3
joint_constraints/softness = 0.8
joint_constraints/relaxation = 1.0

[node name="CollisionShape3D" type="CollisionShape3D" parent="rig/Skeleton3D/PhysicalBoneSimulator3D/Physical Bone upper_arm_L" index="0" unique_id=1982964215]
transform = Transform3D(1, 0, 0, 0, 0, 1, 0, -1, 0, 0, 0, 0)
shape = SubResource("CapsuleShape3D_s6k45")

[node name="Physical Bone forearm_L" type="PhysicalBone3D" parent="rig/Skeleton3D/PhysicalBoneSimulator3D" index="7" unique_id=49900011]
transform = Transform3D(-0.74801075, -0.07405375, -0.6595423, -0.6624713, 0.023196394, 0.7487281, -0.040147122, 0.9969845, -0.06640963, 0.38183928, 1.0181528, -0.006023121)
collision_layer = 8
collision_mask = 9
joint_type = 5
joint_offset = Transform3D(1, 0, 0, 0, 1, 0, 0, 0, 1, -4.1355122e-08, -5.335358e-07, 0.14165941)
body_offset = Transform3D(1.0000001, 2.3841858e-07, 7.126946e-07, 2.416782e-07, -1.8253922e-06, -1.0000002, -1.7508864e-07, 1.0000002, -1.6838312e-06, -5.9604645e-08, 0.14165944, 7.720664e-07)
bounce = 0.5
bone_name = "forearm.L"
joint_constraints/x/linear_limit_enabled = true
joint_constraints/x/linear_limit_upper = 0.0
joint_constraints/x/linear_limit_lower = 0.0
joint_constraints/x/linear_limit_softness = 0.7
joint_constraints/x/linear_spring_enabled = false
joint_constraints/x/linear_spring_stiffness = 0.0
joint_constraints/x/linear_spring_damping = 0.0
joint_constraints/x/linear_equilibrium_point = 0.0
joint_constraints/x/linear_restitution = 0.5
joint_constraints/x/linear_damping = 1.0
joint_constraints/x/angular_limit_enabled = true
joint_constraints/x/angular_limit_upper = 0.0
joint_constraints/x/angular_limit_lower = -180.0
joint_constraints/x/angular_limit_softness = 0.5
joint_constraints/x/angular_restitution = 0.0
joint_constraints/x/angular_damping = 1.0
joint_constraints/x/erp = 0.5
joint_constraints/x/angular_spring_enabled = false
joint_constraints/x/angular_spring_stiffness = 0.0
joint_constraints/x/angular_spring_damping = 0.0
joint_constraints/x/angular_equilibrium_point = 0.0
joint_constraints/y/linear_limit_enabled = true
joint_constraints/y/linear_limit_upper = 0.0
joint_constraints/y/linear_limit_lower = 0.0
joint_constraints/y/linear_limit_softness = 0.7
joint_constraints/y/linear_spring_enabled = false
joint_constraints/y/linear_spring_stiffness = 0.0
joint_constraints/y/linear_spring_damping = 0.0
joint_constraints/y/linear_equilibrium_point = 0.0
joint_constraints/y/linear_restitution = 0.5
joint_constraints/y/linear_damping = 1.0
joint_constraints/y/angular_limit_enabled = true
joint_constraints/y/angular_limit_upper = 0.0
joint_constraints/y/angular_limit_lower = 0.0
joint_constraints/y/angular_limit_softness = 0.5
joint_constraints/y/angular_restitution = 0.0
joint_constraints/y/angular_damping = 1.0
joint_constraints/y/erp = 0.5
joint_constraints/y/angular_spring_enabled = false
joint_constraints/y/angular_spring_stiffness = 0.0
joint_constraints/y/angular_spring_damping = 0.0
joint_constraints/y/angular_equilibrium_point = 0.0
joint_constraints/z/linear_limit_enabled = true
joint_constraints/z/linear_limit_upper = 0.0
joint_constraints/z/linear_limit_lower = 0.0
joint_constraints/z/linear_limit_softness = 0.7
joint_constraints/z/linear_spring_enabled = false
joint_constraints/z/linear_spring_stiffness = 0.0
joint_constraints/z/linear_spring_damping = 0.0
joint_constraints/z/linear_equilibrium_point = 0.0
joint_constraints/z/linear_restitution = 0.5
joint_constraints/z/linear_damping = 1.0
joint_constraints/z/angular_limit_enabled = true
joint_constraints/z/angular_limit_upper = 0.0
joint_constraints/z/angular_limit_lower = 0.0
joint_constraints/z/angular_limit_softness = 0.5
joint_constraints/z/angular_restitution = 0.0
joint_constraints/z/angular_damping = 1.0
joint_constraints/z/erp = 0.5
joint_constraints/z/angular_spring_enabled = false
joint_constraints/z/angular_spring_stiffness = 0.0
joint_constraints/z/angular_spring_damping = 0.0
joint_constraints/z/angular_equilibrium_point = 0.0

[node name="CollisionShape3D" type="CollisionShape3D" parent="rig/Skeleton3D/PhysicalBoneSimulator3D/Physical Bone forearm_L" index="0" unique_id=464403179]
transform = Transform3D(1, 0, 0, 0, 0, 1, 0, -1, 0, 0, 0, 0)
shape = SubResource("CapsuleShape3D_kw4a8")

[node name="Physical Bone hand_L" type="PhysicalBone3D" parent="rig/Skeleton3D/PhysicalBoneSimulator3D" index="8" unique_id=1022800397]
transform = Transform3D(0.70934707, 0.27295417, -0.6498637, 0.6359599, -0.6454083, 0.42308775, -0.30394387, -0.7134032, -0.63140637, 0.48428112, 0.90618944, 0.01216358)
collision_layer = 8
collision_mask = 9
joint_type = 1
joint_offset = Transform3D(1, 0, 0, 0, 1, 0, 0, 0, 1, 2.796622e-05, -4.770234e-06, 0.013897937)
body_offset = Transform3D(-0.94420695, 0.2377099, 0.22796388, 2.8964132e-07, 0.6921561, -0.72174823, -0.3293532, -0.6814795, -0.65353835, -0.003140688, 0.010034114, 0.009088796)
bounce = 0.5
bone_name = "hand.L"
joint_constraints/bias = 0.3
joint_constraints/damping = 1.0
joint_constraints/impulse_clamp = 0.0

[node name="CollisionShape3D" type="CollisionShape3D" parent="rig/Skeleton3D/PhysicalBoneSimulator3D/Physical Bone hand_L" index="0" unique_id=2113021888]
transform = Transform3D(1.0000001, -5.3830445e-07, 4.7683716e-07, 1.4901161e-08, 0.733683, 0.67949283, 4.4703484e-08, -0.6794927, 0.73368275, 7.705135e-09, 0.03582478, -0.009823487)
shape = SubResource("CapsuleShape3D_oooeh")

[node name="Physical Bone hand_flaps_L" type="PhysicalBone3D" parent="rig/Skeleton3D/PhysicalBoneSimulator3D" index="9" unique_id=1780052133]
transform = Transform3D(-0.7403685, 0.67220134, 4.7789047e-07, -0.6708923, -0.73892677, -0.06237725, -0.041929714, -0.046182472, 0.9980527, 0.44799218, 0.94702685, -0.01749952)
collision_layer = 8
collision_mask = 9
joint_type = 1
joint_offset = Transform3D(1, 0, 0, 0, 1, 0, 0, 0, 1, -2.7109495e-08, 1.305793e-06, 0.020968733)
body_offset = Transform3D(1.0000001, 4.1222665e-07, -1.5497208e-06, -1.5571713e-06, -1.0319054e-06, -1.0000002, -8.648494e-07, 1.0000004, -1.1585653e-06, 5.9604645e-08, 0.020968739, -1.2814999e-06)
bounce = 0.5
bone_name = "hand_flaps.L"
joint_constraints/bias = 0.3
joint_constraints/damping = 1.0
joint_constraints/impulse_clamp = 0.0

[node name="CollisionShape3D" type="CollisionShape3D" parent="rig/Skeleton3D/PhysicalBoneSimulator3D/Physical Bone hand_flaps_L" index="0" unique_id=592268039]
transform = Transform3D(1, 8.568168e-08, -1.9127037e-07, 1.6880222e-08, 3.7252903e-08, 1.0000001, 7.450581e-09, -1, 7.450581e-09, 0, -5.9604645e-08, -0.030768096)
shape = SubResource("CapsuleShape3D_823ql")

[node name="Physical Bone upper_arm_R" type="PhysicalBone3D" parent="rig/Skeleton3D/PhysicalBoneSimulator3D" index="10" unique_id=1088178524]
transform = Transform3D(-0.70446044, -0.020326842, 0.7094522, 0.7077878, 0.054031514, 0.70435584, -0.05265011, 0.9983323, -0.023675974, -0.19711235, 1.2148358, -0.018477228)
collision_layer = 8
collision_mask = 9
joint_type = 2
joint_offset = Transform3D(1, 0, 0, 0, 1, 0, 0, 0, 1, 6.3548987e-06, 3.1024882e-07, 0.12865292)
body_offset = Transform3D(1, -9.842217e-06, 3.631448e-05, 3.6659534e-05, 7.3574483e-07, -1.0000001, 9.883195e-06, 1, 7.1525574e-07, -1.1026859e-05, 0.12865293, -4.0233135e-07)
bounce = 0.5
bone_name = "upper_arm.R"
joint_constraints/swing_span = 45.0
joint_constraints/twist_span = 180.0
joint_constraints/bias = 0.3
joint_constraints/softness = 0.8
joint_constraints/relaxation = 1.0

[node name="CollisionShape3D" type="CollisionShape3D" parent="rig/Skeleton3D/PhysicalBoneSimulator3D/Physical Bone upper_arm_R" index="0" unique_id=274293891]
transform = Transform3D(1, 0, 0, 0, 0, 1, 0, -1, 0, 0, 0, 0)
shape = SubResource("CapsuleShape3D_4rqm0")

[node name="Physical Bone forearm_R" type="PhysicalBone3D" parent="rig/Skeleton3D/PhysicalBoneSimulator3D" index="11" unique_id=1319079056]
transform = Transform3D(-0.74801075, 0.07406469, 0.6595411, 0.6624709, 0.02320015, 0.74872833, 0.040152878, 0.9969836, -0.06641965, -0.3818374, 1.0181532, -0.0060231974)
collision_layer = 8
collision_mask = 9
joint_type = 5
joint_offset = Transform3D(1, 0, 0, 0, 1, 0, 0, 0, 1, 9.897948e-07, 8.5229914e-07, 0.14165764)
body_offset = Transform3D(1.0000001, -5.9232116e-06, -2.5494955e-07, 3.958121e-08, -1.142174e-05, -1.0000001, 5.953014e-06, 1.0000002, -1.14142895e-05, -9.536743e-07, 0.14165765, 7.6461583e-07)
bounce = 0.5
bone_name = "forearm.R"
joint_constraints/x/linear_limit_enabled = true
joint_constraints/x/linear_limit_upper = 0.0
joint_constraints/x/linear_limit_lower = 0.0
joint_constraints/x/linear_limit_softness = 0.7
joint_constraints/x/linear_spring_enabled = false
joint_constraints/x/linear_spring_stiffness = 0.0
joint_constraints/x/linear_spring_damping = 0.0
joint_constraints/x/linear_equilibrium_point = 0.0
joint_constraints/x/linear_restitution = 0.5
joint_constraints/x/linear_damping = 1.0
joint_constraints/x/angular_limit_enabled = true
joint_constraints/x/angular_limit_upper = 0.0
joint_constraints/x/angular_limit_lower = -180.0
joint_constraints/x/angular_limit_softness = 0.5
joint_constraints/x/angular_restitution = 0.0
joint_constraints/x/angular_damping = 1.0
joint_constraints/x/erp = 0.5
joint_constraints/x/angular_spring_enabled = false
joint_constraints/x/angular_spring_stiffness = 0.0
joint_constraints/x/angular_spring_damping = 0.0
joint_constraints/x/angular_equilibrium_point = 0.0
joint_constraints/y/linear_limit_enabled = true
joint_constraints/y/linear_limit_upper = 0.0
joint_constraints/y/linear_limit_lower = 0.0
joint_constraints/y/linear_limit_softness = 0.7
joint_constraints/y/linear_spring_enabled = false
joint_constraints/y/linear_spring_stiffness = 0.0
joint_constraints/y/linear_spring_damping = 0.0
joint_constraints/y/linear_equilibrium_point = 0.0
joint_constraints/y/linear_restitution = 0.5
joint_constraints/y/linear_damping = 1.0
joint_constraints/y/angular_limit_enabled = true
joint_constraints/y/angular_limit_upper = 0.0
joint_constraints/y/angular_limit_lower = 0.0
joint_constraints/y/angular_limit_softness = 0.5
joint_constraints/y/angular_restitution = 0.0
joint_constraints/y/angular_damping = 1.0
joint_constraints/y/erp = 0.5
joint_constraints/y/angular_spring_enabled = false
joint_constraints/y/angular_spring_stiffness = 0.0
joint_constraints/y/angular_spring_damping = 0.0
joint_constraints/y/angular_equilibrium_point = 0.0
joint_constraints/z/linear_limit_enabled = true
joint_constraints/z/linear_limit_upper = 0.0
joint_constraints/z/linear_limit_lower = 0.0
joint_constraints/z/linear_limit_softness = 0.7
joint_constraints/z/linear_spring_enabled = false
joint_constraints/z/linear_spring_stiffness = 0.0
joint_constraints/z/linear_spring_damping = 0.0
joint_constraints/z/linear_equilibrium_point = 0.0
joint_constraints/z/linear_restitution = 0.5
joint_constraints/z/linear_damping = 1.0
joint_constraints/z/angular_limit_enabled = true
joint_constraints/z/angular_limit_upper = 0.0
joint_constraints/z/angular_limit_lower = 0.0
joint_constraints/z/angular_limit_softness = 0.5
joint_constraints/z/angular_restitution = 0.0
joint_constraints/z/angular_damping = 1.0
joint_constraints/z/erp = 0.5
joint_constraints/z/angular_spring_enabled = false
joint_constraints/z/angular_spring_stiffness = 0.0
joint_constraints/z/angular_spring_damping = 0.0
joint_constraints/z/angular_equilibrium_point = 0.0

[node name="CollisionShape3D" type="CollisionShape3D" parent="rig/Skeleton3D/PhysicalBoneSimulator3D/Physical Bone forearm_R" index="0" unique_id=632769728]
transform = Transform3D(1, 0, 0, 0, 0, 1, 0, -1, 0, 0, 0, 0)
shape = SubResource("CapsuleShape3D_0v3s8")

[node name="Physical Bone hand_R" type="PhysicalBone3D" parent="rig/Skeleton3D/PhysicalBoneSimulator3D" index="12" unique_id=422108666]
transform = Transform3D(0.7093655, -0.27293858, 0.64985013, -0.635938, -0.6454214, 0.4231007, 0.30394667, -0.7133974, -0.6314116, -0.4843175, 0.9061977, 0.012175856)
collision_layer = 8
collision_mask = 9
joint_type = 1
joint_offset = Transform3D(1, 0, 0, 0, 1, 0, 0, 0, 1, -4.5634806e-08, -4.149042e-07, 0.013925556)
body_offset = Transform3D(-0.94420624, -0.23772994, -0.22794548, -2.8486364e-05, 0.692155, -0.7217488, 0.32935482, -0.68147326, -0.65354383, 0.0031741261, 0.010051042, 0.009100694)
bounce = 0.5
bone_name = "hand.R"
joint_constraints/bias = 0.3
joint_constraints/damping = 1.0
joint_constraints/impulse_clamp = 0.0

[node name="CollisionShape3D" type="CollisionShape3D" parent="rig/Skeleton3D/PhysicalBoneSimulator3D/Physical Bone hand_R" index="0" unique_id=580096743]
transform = Transform3D(1, 3.655441e-08, 0, 0, 0.656928, 0.75395334, 1.4901161e-08, -0.75395316, 0.6569277, 5.9604645e-08, 0.025568843, -0.029345423)
shape = SubResource("CapsuleShape3D_5f4dq")

[node name="Physical Bone hand_flaps_R" type="PhysicalBone3D" parent="rig/Skeleton3D/PhysicalBoneSimulator3D" index="13" unique_id=920417226]
transform = Transform3D(-0.74036384, -0.6722064, -4.874727e-05, 0.6709018, -0.7389225, -0.06232615, 0.041860014, -0.04617673, 0.99805593, -0.44799185, 0.94702345, -0.017499495)
collision_layer = 8
collision_mask = 9
joint_type = 1
joint_offset = Transform3D(1, 0, 0, 0, 1, 0, 0, 0, 1, 9.3829874e-07, -6.410445e-07, 0.020968635)
body_offset = Transform3D(1.0000001, 6.7391666e-06, 7.179752e-05, 7.172674e-05, -6.3441694e-06, -1.0000004, -6.45651e-06, 1.0000001, -6.3814223e-06, -2.4437904e-06, 0.020968642, 7.748604e-07)
bounce = 0.5
bone_name = "hand_flaps.R"
joint_constraints/bias = 0.3
joint_constraints/damping = 1.0
joint_constraints/impulse_clamp = 0.0

[node name="CollisionShape3D" type="CollisionShape3D" parent="rig/Skeleton3D/PhysicalBoneSimulator3D/Physical Bone hand_flaps_R" index="0" unique_id=541532473]
transform = Transform3D(1.0000005, 4.4703484e-08, -3.085006e-08, 0, -2.1606684e-07, 1.0000008, 0, -1.0000099, 0, 1.3889405e-09, -6.946043e-09, -0.03107038)
shape = SubResource("CapsuleShape3D_wkwjc")

[node name="Physical Bone thigh_L" type="PhysicalBone3D" parent="rig/Skeleton3D/PhysicalBoneSimulator3D" index="14" unique_id=2074096481]
transform = Transform3D(0.99925315, 0.0011226436, 0.038626187, -0.03861441, 0.0671138, 0.99699783, -0.0014730769, -0.99774474, 0.06710702, 0.07127708, 0.6831176, 0.057340972)
collision_layer = 8
collision_mask = 9
joint_type = 2
joint_offset = Transform3D(1, 0, 0, 0, 1, 0, 0, 0, 1, 0.00013683466, -0.00049218803, 0.21675982)
body_offset = Transform3D(0.99999917, 0.00067781773, -0.0006304554, -0.00063200365, 0.002272047, -0.9999971, -0.0006763791, 0.9999909, 0.002272442, 1.5646219e-07, 0.2167604, -2.9802322e-07)
bounce = 0.5
bone_name = "thigh.L"
joint_constraints/swing_span = 9.999996
joint_constraints/twist_span = 9.999996
joint_constraints/bias = 0.3
joint_constraints/softness = 0.8
joint_constraints/relaxation = 1.0

[node name="CollisionShape3D" type="CollisionShape3D" parent="rig/Skeleton3D/PhysicalBoneSimulator3D/Physical Bone thigh_L" index="0" unique_id=2090016027]
transform = Transform3D(0.9999977, -4.831236e-09, -6.2864274e-09, 9.313226e-10, -2.7567148e-07, 0.99999535, 2.6077032e-08, -0.9999937, -2.9802322e-08, 0, 0, 0)
shape = SubResource("CapsuleShape3D_buvwi")

[node name="Physical Bone shin_L" type="PhysicalBone3D" parent="rig/Skeleton3D/PhysicalBoneSimulator3D" index="15" unique_id=1225577144]
transform = Transform3D(0.9989695, -0.0013844197, -0.04536627, 0.04509875, 0.1428227, 0.9887203, 0.0051105283, -0.98974735, 0.14273795, 0.0712763, 0.28160524, 0.01553053)
collision_layer = 8
collision_mask = 9
joint_type = 5
joint_offset = Transform3D(1, 0, 0, 0, 1, 0, 0, 0, 1, 9.390184e-07, -8.982066e-07, 0.18756299)
body_offset = Transform3D(0.9999996, 6.7204237e-06, 7.1374234e-07, 6.661867e-07, -9.149313e-06, -0.99999976, -6.7017972e-06, 0.99999356, -8.240342e-06, -1.0728836e-06, 0.18756294, 2.4437904e-06)
bounce = 0.5
bone_name = "shin.L"
joint_constraints/x/linear_limit_enabled = true
joint_constraints/x/linear_limit_upper = 0.0
joint_constraints/x/linear_limit_lower = 0.0
joint_constraints/x/linear_limit_softness = 0.7
joint_constraints/x/linear_spring_enabled = false
joint_constraints/x/linear_spring_stiffness = 0.0
joint_constraints/x/linear_spring_damping = 0.0
joint_constraints/x/linear_equilibrium_point = 0.0
joint_constraints/x/linear_restitution = 0.5
joint_constraints/x/linear_damping = 1.0
joint_constraints/x/angular_limit_enabled = true
joint_constraints/x/angular_limit_upper = 0.0
joint_constraints/x/angular_limit_lower = -180.0
joint_constraints/x/angular_limit_softness = 0.5
joint_constraints/x/angular_restitution = 0.0
joint_constraints/x/angular_damping = 1.0
joint_constraints/x/erp = 0.5
joint_constraints/x/angular_spring_enabled = false
joint_constraints/x/angular_spring_stiffness = 0.0
joint_constraints/x/angular_spring_damping = 0.0
joint_constraints/x/angular_equilibrium_point = 0.0
joint_constraints/y/linear_limit_enabled = true
joint_constraints/y/linear_limit_upper = 0.0
joint_constraints/y/linear_limit_lower = 0.0
joint_constraints/y/linear_limit_softness = 0.7
joint_constraints/y/linear_spring_enabled = false
joint_constraints/y/linear_spring_stiffness = 0.0
joint_constraints/y/linear_spring_damping = 0.0
joint_constraints/y/linear_equilibrium_point = 0.0
joint_constraints/y/linear_restitution = 0.5
joint_constraints/y/linear_damping = 1.0
joint_constraints/y/angular_limit_enabled = true
joint_constraints/y/angular_limit_upper = 0.0
joint_constraints/y/angular_limit_lower = 0.0
joint_constraints/y/angular_limit_softness = 0.5
joint_constraints/y/angular_restitution = 0.0
joint_constraints/y/angular_damping = 1.0
joint_constraints/y/erp = 0.5
joint_constraints/y/angular_spring_enabled = false
joint_constraints/y/angular_spring_stiffness = 0.0
joint_constraints/y/angular_spring_damping = 0.0
joint_constraints/y/angular_equilibrium_point = 0.0
joint_constraints/z/linear_limit_enabled = true
joint_constraints/z/linear_limit_upper = 0.0
joint_constraints/z/linear_limit_lower = 0.0
joint_constraints/z/linear_limit_softness = 0.7
joint_constraints/z/linear_spring_enabled = false
joint_constraints/z/linear_spring_stiffness = 0.0
joint_constraints/z/linear_spring_damping = 0.0
joint_constraints/z/linear_equilibrium_point = 0.0
joint_constraints/z/linear_restitution = 0.5
joint_constraints/z/linear_damping = 1.0
joint_constraints/z/angular_limit_enabled = true
joint_constraints/z/angular_limit_upper = 0.0
joint_constraints/z/angular_limit_lower = 0.0
joint_constraints/z/angular_limit_softness = 0.5
joint_constraints/z/angular_restitution = 0.0
joint_constraints/z/angular_damping = 1.0
joint_constraints/z/erp = 0.5
joint_constraints/z/angular_spring_enabled = false
joint_constraints/z/angular_spring_stiffness = 0.0
joint_constraints/z/angular_spring_damping = 0.0
joint_constraints/z/angular_equilibrium_point = 0.0

[node name="CollisionShape3D" type="CollisionShape3D" parent="rig/Skeleton3D/PhysicalBoneSimulator3D/Physical Bone shin_L" index="0" unique_id=652499107]
transform = Transform3D(0.9999993, 4.17931e-08, -1.8626451e-09, 7.916242e-09, 0, 0.99999845, -1.6530976e-08, -0.99999857, -1.6391277e-07, 0, 0, 0)
shape = SubResource("CapsuleShape3D_wp27b")

[node name="Physical Bone foot_L" type="PhysicalBone3D" parent="rig/Skeleton3D/PhysicalBoneSimulator3D" index="16" unique_id=72558719]
transform = Transform3D(1, -3.5273456e-06, 4.2772717e-06, -5.1617417e-06, -0.8739029, 0.48610064, 2.023275e-06, -0.48610064, -0.8739029, 0.0798068, 0.059222218, 0.055191454)
collision_layer = 8
collision_mask = 9
joint_type = 2
joint_offset = Transform3D(1, 0, 0, 0, 1, 0, 0, 0, 1, -2.1205617e-05, 4.541328e-07, 0.07601198)
body_offset = Transform3D(0.99999964, -5.1841084e-06, 2.7610954e-06, 2.7567144e-06, -1.4901161e-06, -0.999995, 5.1558e-06, 0.9999987, -6.1690807e-06, 2.0995736e-05, 0.0760116, 1.4901161e-08)
bounce = 0.5
bone_name = "foot.L"
joint_constraints/swing_span = 45.0
joint_constraints/twist_span = 180.0
joint_constraints/bias = 0.3
joint_constraints/softness = 0.8
joint_constraints/relaxation = 1.0

[node name="CollisionShape3D" type="CollisionShape3D" parent="rig/Skeleton3D/PhysicalBoneSimulator3D/Physical Bone foot_L" index="0" unique_id=1755556023]
transform = Transform3D(1, -1.07731254e-11, 2.4244735e-11, -2.8279601e-11, -0.48170766, 0.8763318, 1.0743406e-11, -0.8763317, -0.48170772, 1.4901465e-08, 0.013583039, -0.019803226)
shape = SubResource("CapsuleShape3D_ytxqc")

[node name="Physical Bone thigh_R" type="PhysicalBone3D" parent="rig/Skeleton3D/PhysicalBoneSimulator3D" index="17" unique_id=59287884]
transform = Transform3D(0.99922913, -0.00053433, -0.039255027, 0.03919743, 0.06940425, 0.9968183, 0.002191836, -0.99758846, 0.0693717, -0.07128382, 0.68313146, 0.057340354)
collision_layer = 8
collision_mask = 9
joint_type = 2
joint_offset = Transform3D(1, 0, 0, 0, 1, 0, 0, 0, 1, 6.3544276e-06, -1.5269715e-06, 0.21674643)
body_offset = Transform3D(0.9999996, 1.2572855e-08, 2.1434971e-08, 2.7444912e-08, 1.1399388e-06, -0.9999998, -1.3038516e-08, 0.9999942, 1.1324883e-06, -6.3590705e-06, 0.21674639, 1.2814999e-06)
bounce = 0.5
bone_name = "thigh.R"
joint_constraints/swing_span = 9.999996
joint_constraints/twist_span = 9.999996
joint_constraints/bias = 0.3
joint_constraints/softness = 0.8
joint_constraints/relaxation = 1.0

[node name="CollisionShape3D" type="CollisionShape3D" parent="rig/Skeleton3D/PhysicalBoneSimulator3D/Physical Bone thigh_R" index="0" unique_id=600114921]
transform = Transform3D(1, -5.966285e-08, 0, 0, -1.7136335e-07, 1, 7.421477e-10, -0.99999785, 0, 0, 0, 0)
shape = SubResource("CapsuleShape3D_r35ou")

[node name="Physical Bone shin_R" type="PhysicalBone3D" parent="rig/Skeleton3D/PhysicalBoneSimulator3D" index="18" unique_id=1937813055]
transform = Transform3D(0.99896944, 0.0013908492, 0.045367133, -0.045100577, 0.14281338, 0.98872155, -0.005103871, -0.9897487, 0.14272892, -0.071280405, 0.2816146, 0.0155356135)
collision_layer = 8
collision_mask = 9
joint_type = 5
joint_offset = Transform3D(1, 0, 0, 0, 1, 0, 0, 0, 1, 3.4687287e-06, 1.0858859e-06, 0.18755318)
body_offset = Transform3D(0.9999996, 1.44355e-08, 1.7619459e-07, 2.0908192e-07, -1.4901161e-08, -0.99999976, -3.259629e-08, 0.99999416, 8.046627e-07, -3.5017729e-06, 0.18755314, -1.2367964e-06)
bounce = 0.5
bone_name = "shin.R"
joint_constraints/x/linear_limit_enabled = true
joint_constraints/x/linear_limit_upper = 0.0
joint_constraints/x/linear_limit_lower = 0.0
joint_constraints/x/linear_limit_softness = 0.7
joint_constraints/x/linear_spring_enabled = false
joint_constraints/x/linear_spring_stiffness = 0.0
joint_constraints/x/linear_spring_damping = 0.0
joint_constraints/x/linear_equilibrium_point = 0.0
joint_constraints/x/linear_restitution = 0.5
joint_constraints/x/linear_damping = 1.0
joint_constraints/x/angular_limit_enabled = true
joint_constraints/x/angular_limit_upper = 0.0
joint_constraints/x/angular_limit_lower = -180.0
joint_constraints/x/angular_limit_softness = 0.5
joint_constraints/x/angular_restitution = 0.0
joint_constraints/x/angular_damping = 1.0
joint_constraints/x/erp = 0.5
joint_constraints/x/angular_spring_enabled = false
joint_constraints/x/angular_spring_stiffness = 0.0
joint_constraints/x/angular_spring_damping = 0.0
joint_constraints/x/angular_equilibrium_point = 0.0
joint_constraints/y/linear_limit_enabled = true
joint_constraints/y/linear_limit_upper = 0.0
joint_constraints/y/linear_limit_lower = 0.0
joint_constraints/y/linear_limit_softness = 0.7
joint_constraints/y/linear_spring_enabled = false
joint_constraints/y/linear_spring_stiffness = 0.0
joint_constraints/y/linear_spring_damping = 0.0
