[gd_scene format=3 uid="uid://ona6janl00wj"]

[ext_resource type="PackedScene" uid="uid://bjlnu3lmy2mhe" path="res://maps/map_scenes/tram_station.tscn" id="1_gfy6y"]
[ext_resource type="Script" uid="uid://1a4buntu66sd" path="res://maps/level.gd" id="1_pd6gb"]
[ext_resource type="PackedScene" uid="uid://hynsll4jq3n2" path="res://tscns/player.tscn" id="2_4hwk0"]
[ext_resource type="PackedScene" uid="uid://bly1cw0xtom6u" path="res://maps/map_objects/p2000_phy.tscn" id="4_2d02k"]
[ext_resource type="PackedScene" uid="uid://ce7skwe0nlajq" path="res://maps/map_objects/flashlight.tscn" id="5_3eqgb"]
[ext_resource type="PackedScene" uid="uid://dtcqajnjlqou5" path="res://maps/map_objects/p7_quiver_phy.tscn" id="6_uphtb"]
[ext_resource type="PackedScene" uid="uid://bg0rv43fg4qdr" path="res://maps/map_objects/hurt_area.tscn" id="7_84bnf"]
[ext_resource type="PackedScene" uid="uid://cglma2n2s2ajg" path="res://maps/map_objects/fs_12.tscn" id="7_ttvm0"]
[ext_resource type="PackedScene" uid="uid://bh3xk8hxufios" path="res://maps/map_objects/door_wood.tscn" id="10_hc6mv"]
[ext_resource type="PackedScene" uid="uid://chssi0i8kn5i1" path="res://tscns/cassidie_npc.tscn" id="10_joncr"]

[sub_resource type="ProceduralSkyMaterial" id="ProceduralSkyMaterial_2d02k"]
sky_top_color = Color(0, 0, 0, 1)
sky_horizon_color = Color(0.10248828, 0.1029329, 0.12159113, 1)
ground_bottom_color = Color(0.08938975, 0.09116825, 0.16580114, 1)
ground_horizon_color = Color(0.10248828, 0.1029329, 0.12159113, 1)

[sub_resource type="Sky" id="Sky_3eqgb"]
sky_material = SubResource("ProceduralSkyMaterial_2d02k")

[sub_resource type="Environment" id="Environment_uphtb"]
background_color = Color(0.71838135, 0.71838135, 0.71838135, 1)
sky = SubResource("Sky_3eqgb")
glow_enabled = true
glow_bloom = 1.0
fog_enabled = true
fog_light_energy = 0.29
volumetric_fog_enabled = true
volumetric_fog_density = 0.0171
volumetric_fog_emission = Color(0.42749333, 0.427493, 0.42749295, 1)

[node name="tram_station_level" type="Node3D" unique_id=1466349213 node_paths=PackedStringArray("objects", "particles", "player")]
script = ExtResource("1_pd6gb")
level_name = "tram_station"
objects = NodePath("tram_station/objects")
particles = NodePath("tram_station/particles")
player = NodePath("player")

[node name="DirectionalLight3D" type="DirectionalLight3D" parent="." unique_id=2051946786]
transform = Transform3D(-0.23344545, 0.30692762, -0.9226585, 0, 0.948876, 0.31564903, 0.9723699, 0.07368683, -0.2215108, 0, 0, 0)
light_energy = 1.51
shadow_enabled = true
directional_shadow_mode = 0
directional_shadow_max_distance = 8192.0

[node name="WorldEnvironment" type="WorldEnvironment" parent="." unique_id=1701510486]
environment = SubResource("Environment_uphtb")

[node name="player" parent="." unique_id=1277926118 instance=ExtResource("2_4hwk0")]
transform = Transform3D(0.99999994, 0, 0, 0, 1, 0, 0, 0, 0.99999994, -45.26989, -0.66324353, -14.535689)

[node name="tram_station" parent="." unique_id=779237370 instance=ExtResource("1_gfy6y")]
transform = Transform3D(1, 0, 0, 0, 1, 0, 0, 0, 1, 0.00018501282, 0.83493423, 0.78322697)

[node name="particles" type="Node3D" parent="tram_station" unique_id=1888937699]

[node name="objects" type="Node3D" parent="tram_station" unique_id=991218888]

[node name="p2000" parent="tram_station/objects" unique_id=1277710635 instance=ExtResource("4_2d02k")]
transform = Transform3D(-0.13063994, -0.97841126, 0.16014013, 0.9904162, -0.13609466, -0.02353261, 0.044818886, 0.1555312, 0.9868138, -43.44008, -0.5640179, -17.38248)

[node name="flashlight" parent="tram_station/objects" unique_id=1282861024 instance=ExtResource("5_3eqgb")]
transform = Transform3D(-0.24276847, 0, 0.9700843, 0, 1, 0, -0.9700843, 0, -0.24276847, -42.235756, -0.57692915, -17.381699)

[node name="p7_quiver" parent="tram_station/objects" unique_id=351791850 instance=ExtResource("6_uphtb")]
transform = Transform3D(-0.23019779, -0.96849275, -0.09502869, 0.3283627, 0.014620981, -0.9444384, 0.9160713, -0.24861158, 0.3146513, -43.125885, -0.39859188, -17.573101)

[node name="fs_12" parent="tram_station/objects" unique_id=178344514 instance=ExtResource("7_ttvm0")]
transform = Transform3D(0.16884993, -0.98545593, -0.019142397, -0.19026381, -0.051643692, 0.9803741, -0.96710414, -0.1618937, -0.19621655, -43.515984, -1.4525776, -16.859844)
base_damage = 25

[node name="hurt_area" parent="tram_station/objects" unique_id=1694811592 instance=ExtResource("7_84bnf")]
transform = Transform3D(1, 0, 0, 0, 1, 0, 0, 0, 1, -49.115532, -1.5095277, -15.328069)

[node name="table" type="CSGBox3D" parent="tram_station/objects" unique_id=485685396]
transform = Transform3D(1, 0, 0, 0, 1, 0, 0, 0, 1, -42.773193, -1.0672635, -17.35128)
use_collision = true
size = Vector3(2.2235107, 0.94021606, 0.6690674)

[node name="entities" type="Node3D" parent="tram_station" unique_id=1649373229]

[node name="door_wood" parent="." unique_id=1031475536 instance=ExtResource("10_hc6mv")]
transform = Transform3D(1, 0, 0, 0, 1, 0, 0, 0, 1, -39.513973, -0.6745939, -6.609885)

[node name="SpotLight3D" type="SpotLight3D" parent="." unique_id=1423912838]
transform = Transform3D(1, 0, 0, 0, -0.0329284, 0.9994577, 0, -0.9994577, -0.0329284, -43.080627, 2.9229395, -16.173216)
light_energy = 3.646
shadow_enabled = true
spot_range = 4.44656
spot_angle = 30.102865

[node name="Cassidie_npc" parent="." unique_id=2117830237 instance=ExtResource("10_joncr")]
transform = Transform3D(0.93019986, 0, -0.3670534, 0, 1, 0, 0.3670534, 0, 0.93019986, -40.996357, -0.67213476, -16.452274)
